-32.8296 -20.1178 -22.8582 -20.416 0.240694 3.1117 -32.8173 -32.7456 -21.3193 -18.9192
4.99666 -36.8943 0.437503 -28.0544 0.359048 5.18855 6.53456 3.36059 -35.9807 -37.6176
13.0746 -34.6081 12.4425 -24.6767 0.341705 4.77595 14.7652 11.3717 -34.4033 -34.6192
-9.43373 -32.2583 -2.34771 -25.2799 0.36232 3.91934 -8.09182 -10.6203 -33.4655 -30.8981
-5.35655 2.21234 -8.33834 11.6904 0.39225 5.01719 -3.536 -7.25377 2.91898 1.74937
15.7594 -31.746 14.9198 -21.8424 0.382573 4.79696 17.6435 13.8547 -31.4643 -31.7855
5.61514 2.70784 13.1283 9.25879 0.276883 3.85868 6.57012 4.75627 1.70961 3.78988
-20.7574 12.3516 -17.1245 3.10799 0.404885 1.94527 -22.5789 -18.8363 11.4895 12.9604
17.4899 -28.1578 18.0714 -18.193 0.209573 4.6541 18.5362 16.4478 -28.1822 -28.0603
-11.2463 -39.1343 -4.39677 -31.9736 0.467537 3.9492 -9.4471 -12.795 -40.6046 -37.4022
-13.3495 22.7492 -5.25507 16.9427 0.303176 2.51932 -14.1677 -12.4073 21.4777 23.9317
-21.0892 10.5961 -19.7926 0.698062 0.204274 1.70106 -22.0957 -20.0738 10.4292 10.6941
13.7632 15.2945 21.7351 9.3284 0.320871 2.49912 12.8745 14.7889 13.9642 16.5222
-12.9458 15.9648 -3.58864 12.4985 0.226989 2.78681 -13.299 -12.5121 14.888 17.0119
2.4074 3.94317 8.1533 12.0306 0.43645 4.09467 4.26379 0.734008 2.81806 5.32586
15.3724 -22.5035 22.0293 -15.1754 0.490036 3.97495 17.3017 13.7107 -23.9873 -20.7252
9.49135 -35.012 12.1141 -25.3851 0.231268 4.4464 10.6162 8.38986 -35.2723 -34.6657
-18.2161 12.0229 -16.57 2.20662 0.334911 1.73695 -19.8445 -16.5569 11.6553 12.2066
-4.08531 -8.55037 4.79459 -13.1116 0.202971 2.66708 -4.5177 -3.59191 -9.46722 -7.66486
-35.7487 -15.7619 -26.0699 -13.3405 0.234342 3.38673 -35.4207 -35.9881 -16.8849 -14.6167
16.285 7.09804 23.4532 0.26918 0.489832 2.38043 14.7564 18.1014 5.20534 8.71656
-25.6669 18.9683 -17.8725 12.8489 0.466614 2.476 -26.9526 -24.0973 17.0384 20.6753
14.9518 8.77959 22.4077 2.17993 0.320557 2.41704 13.958 16.0735 7.52796 9.91801
-30.3839 -22.1921 -20.8846 -19.3331 0.438315 3.43395 -29.6047 -30.8579 -24.228 -20.0644
15.6464 -35.0185 10.4211 -26.5191 0.234535 5.26361 16.6192 14.6258 -34.3667 -35.5922
-4.63037 -27.4673 -11.4465 -20.2608 0.440581 5.46995 -3.15347 -6.32851 -25.8488 -28.8519
16.6945 -24.7767 19.3651 -15.2116 0.407708 4.44012 18.6814 14.7817 -25.1882 -24.0994
-3.68018 23.1025 -2.75295 13.185 0.30718 1.66402 -5.19611 -2.14965 22.882 23.1668
13.443 16.4024 20.9419 9.91353 0.44805 2.42827 12.1152 15.0226 14.6136 17.9734
-14.2721 17.8063 -5.36196 13.4425 0.434888 2.68618 -15.0801 -13.1824 15.7998 19.6748
-14.3628 5.37129 -15.8354 15.2318 0.269039 4.86063 -13.0453 -15.6982 5.62892 5.23275
19.0148 -3.99336 27.9018 -8.37367 0.470875 2.68365 18.1484 20.2109 -6.16693 -1.98226
-27.3606 4.28698 -19.9344 10.93 0.294948 3.87139 -26.327 -28.2863 3.24005 5.43037
-6.87085 -25.239 -1.96982 -16.6331 0.481662 4.1947 -4.70316 -8.8483 -26.2523 -23.8916
8.88719 1.1076 14.309 9.48876 0.207982 4.13819 9.77831 8.03519 0.574016 1.70166
-7.28834 16.9773 -5.57227 7.20796 0.441626 1.74468 -9.41756 -5.10316 16.4391 17.197
7.29181 19.8645 -1.17401 14.5821 0.226382 0.557856 6.65771 7.85354 20.8002 18.8837
-12.1158 -26.0181 -3.68566 -20.7652 0.401963 3.69883 -10.9463 -13.0578 -27.6415 -24.2529
2.20281 -13.7738 8.36283 -21.611 0.275873 2.23694 1.16089 3.32296 -14.6733 -12.9739
-22.7782 18.8652 -13.7988 14.5511 0.302326 2.6937 -23.3618 -22.0575 17.475 20.1897
-15.2012 30.3995 -9.66449 22.1338 0.351211 2.161 -16.5957 -13.6927 29.3421 31.2866
-29.5714 -17.5125 -23.2412 -25.1331 0.473735 2.26396 -31.2576 -27.6475 -19.155 -16.1562
-30.9249 11.7093 -21.0152 11.8744 0.462542 3.15825 -30.7094 -30.7858 9.42041 14.0041
-22.2895 -13.9454 -13.6847 -18.9361 0.355906 2.61601 -23.0866 -21.3104 -15.5294 -12.4669
4.79262 -33.7972 10.5872 -25.669 0.206918 4.09306 5.65424 3.97238 -34.3677 -33.1687
-3.0726 -16.2783 6.46323 -19.2074 0.2424 2.84358 -3.38086 -2.67087 -17.4484 -15.137
28.396 0.00692804 18.8699 -2.72874 0.4624 0.27965 27.5932 28.8582 2.16045 -2.24443
11.5042 15.6964 20.6903 11.7927 0.212626 2.73976 11.1238 11.9538 14.705 16.6582
11.9852 32.7331 7.51043 23.8877 0.457746 1.10245 9.88233 13.9313 33.6023 31.554
0.535249 -12.2801 8.1849 -18.5751 0.473655 2.45303 -0.812029 2.16963 -14.2099 -10.5866
-4.07588 11.143 -2.69627 1.26306 0.241271 1.70954 -5.26104 -2.87731 10.9286 11.2614
30.0824 -19.9041 35.7913 -11.743 0.310842 4.10198 31.3968 28.86 -20.7256 -18.951
23.5874 5.94591 19.0798 -2.94699 0.268152 1.10166 22.368 24.7527 6.49692 5.2882
-29.1598 15.9834 -25.7351 6.62792 0.299772 1.92171 -30.5364 -27.7319 15.3999 16.4265
9.54034 16.0734 18.9107 12.6644 0.262817 2.79267 9.14637 10.0423 14.8224 17.2851
-35.2196 -0.633107 -26.0634 -4.52702 0.347412 2.73949 -35.8037 -34.4509 -2.26283 0.918132
-4.87223 -3.21069 1.64545 -10.7688 0.21787 2.28241 -5.66977 -4.02308 -3.95062 -2.53061
-5.28234 -16.4093 4.63627 -17.0332 0.385454 3.07878 -5.27946 -5.039 -18.3286 -14.5055
-7.16305 18.4134 -3.37545 9.20154 0.309404 1.96089 -8.55788 -5.70768 17.7539 18.9258
-7.10044 -29.6786 1.90548 -25.4234 0.307841 3.58299 -6.37425 -7.68416 -31.0311 -28.2587
17.2574 -27.0735 18.1506 -17.2069 0.473028 4.62211 19.6077 14.9405 -27.1001 -26.6776
-19.6818 -29.6985 -11.6496 -23.8436 0.381004 3.77146 -18.4691 -20.6998 -31.1576 -28.0973
7.90765 3.27769 14.9917 10.2148 0.452358 3.91651 9.59789 6.45985 1.79413 4.99864
33.2551 5.0266 24.1002 1.24325 0.475851 0.391881 32.1816 33.9819 7.13314 2.77673
-34.5698 -9.57247 -28.3847 -17.3735 0.327049 2.24116 -35.7902 -33.2389 -10.6535 -8.63071
15.0809 7.34692 22.7374 0.950715 0.236857 2.44564 14.3592 15.8742 6.41024 8.22373
-31.1355 -16.2028 -21.4495 -13.7892 0.206921 3.3858 -30.8512 -31.3506 -17.1963 -15.192
4.02658 -7.71202 -0.0562598 -16.7595 0.421649 1.14689 2.05848 5.87335 -6.9857 -8.70723
-14.4159 -34.5145 -7.18466 -27.7388 0.466282 3.89448 -12.7047 -15.8641 -36.0772 -32.7054
-17.5641 1.47604 -16.0732 11.3004 0.389582 4.56178 -15.6315 -19.4589 1.3102 1.89102
-22.1939 12.8352 -17.7122 3.96786 0.393664 2.03877 -23.8813 -20.3905 11.8382 13.6025
1.63747 32.0388 8.95332 25.2914 0.338445 2.39659 0.565627 2.84925 30.7362 33.2123
-13.654 -17.3176 -5.13394 -22.5086 0.235565 2.59439 -14.226 -13.0032 -18.3451 -16.3381
-15.7216 -29.6821 -7.79567 -23.6201 0.227547 3.79452 -14.9977 -16.3771 -30.5577 -28.7542
-17.2143 -23.9792 -7.67373 -21.1913 0.381315 3.42589 -16.5669 -17.6299 -25.7643 -22.1264
5.9612 12.6648 -1.58774 6.18409 0.349457 0.709406 4.75185 7.01659 13.9178 11.2797
17.135 -25.913 19.1125 -16.1769 0.395872 4.512 19.088 15.2338 -26.1769 -25.3941
-9.18347 33.2137 -10.3799 23.3198 0.285894 1.45045 -10.6059 -7.77733 33.3173 32.9752
0.164753 8.39934 -4.93532 16.9707 0.250492 5.24914 1.21158 -0.935464 9.08297 7.80545
15.1478 15.4452 22.2513 8.43242 0.208446 2.36263 14.4426 15.9044 14.6794 16.1601
-8.32309 2.75162 -8.32189 12.6807 0.412995 4.71227 -6.27274 -10.3734 2.8929 2.8934
0.0557875 -32.0032 -7.96264 -26.1929 0.485131 5.65613 1.30727 -1.51146 -29.9438 -33.8338
35.0759 9.89906 26.0985 5.55867 0.261347 0.450345 34.4576 35.5919 11.0474 8.70122
19.2949 28.5696 20.6524 18.7202 0.371536 1.70776 17.4808 21.1402 28.2039 28.7083
11.7294 20.3275 17.9895 12.5612 0.243931 2.24922 10.8133 12.7077 19.5255 21.0525
-1.64744 -4.35315 4.03791 -12.5486 0.248059 2.1773 -2.63473 -0.601783 -5.10037 -3.69007
37.0628 -12.5717 27.2508 -11.2359 0.484377 6.14788 37.1937 36.5467 -10.1691 -14.9218
-7.12916 26.9073 0.46496 20.5339 0.45452 2.44337 -8.44638 -5.54956 25.0713 28.523
-16.3155 10.2548 -15.4268 0.364876 0.411075 1.66042 -18.3357 -14.2702 9.93244 10.2978
10.1472 10.8489 3.40354 3.52442 0.324576 0.826666 8.89918 11.2765 11.8789 9.69012
0.898482 -13.3702 8.95422 -19.2129 0.341383 2.51409 -0.0204385 1.97418 -14.8021 -12.052
16.988 -11.3948 22.9579 -19.3325 0.40415 2.21563 15.4655 18.6735 -12.7095 -10.2968
10.5331 15.9247 19.8059 12.2447 0.238427 2.76379 10.1384 11.0158 14.8018 17.0127
-17.9827 0.507078 -16.3028 10.3366 0.259158 4.54313 -16.6996 -19.247 0.344481 0.779828
-12.385 -2.50995 -5.07563 -9.2039 0.461658 2.40012 -13.7999 -10.7096 -4.31648 -0.942038
10.0085 -12.7081 6.23205 -21.9389 0.252488 1.18245 8.82313 11.1538 -12.2804 -13.2339
-38.4995 8.7491 -29.515 4.39664 0.200665 2.69047 -38.906 -38.0326 7.83305 9.63592
-33.9134 10.7187 -24.0055 11.6163 0.352064 3.23194 -33.6528 -33.9688 8.98389 12.4721
-1.95 -16 7.42334 -19.4178 0.235032 2.79195 -2.30845 -1.50517 -17.1173 -14.9143
-6.98371 19.5207 -3.68139 10.1332 0.341734 1.90906 -8.55553 -5.3475 18.8649 19.9934
4.93211 -6.92745 0.0198505 -15.5864 0.327804 1.05476 3.46882 6.30727 -6.2 -7.81026
-36.8406 -9.19416 -26.912 -9.1413 0.413891 3.14692 -36.6875 -36.7094 -11.2481 -7.13871
-12.9862 28.7622 -4.95297 22.8576 0.269314 2.50775 -13.7327 -12.1425 27.6447 29.8082
18.0114 -21.8935 11.0573 -29.0467 0.238158 0.799506 17.1267 18.8303 -21.0993 -22.7555
-28.1369 -21.649 -20.545 -28.0875 0.330668 2.43821 -29.1321 -27.0031 -22.9629 -20.4525
3.72299 -2.22899 1.83414 -12.0209 0.257493 1.38024 2.45187 4.97321 -2.03997 -2.52634
-28.6836 -18.0512 -22.597 -25.9027 0.397011 2.23025 -30.162 -27.0449 -19.3628 -16.9464
40.2045 -2.47828 34.2418 -10.4036 0.444584 0.925785 38.3442 41.8677 -1.2838 -3.93471
9.23866 -21.5932 8.86488 -11.6444 0.325891 4.74994 10.8565 7.61424 -21.444 -21.5659
31.8113 -19.7414 36.3205 -10.9076 0.443737 4.24041 33.8455 29.9256 -20.5964 -18.5955
22.9345 -19.3408 14.6246 -24.8053 0.361644 0.581688 21.8556 23.8318 -17.8979 -20.9031
-0.874883 -26.4303 -10.7131 -25.1252 0.426355 6.1513 -0.746148 -1.30259 -24.3131 -28.5077
-17.3144 -29.0714 -8.77172 -23.9934 0.386186 3.6779 -16.2275 -18.1885 -30.6577 -27.3586
15.2004 10.4153 21.7562 2.92778 0.339881 2.28995 13.9912 16.536 9.22897 11.4572
-16.6121 23.2497 -7.485 19.2091 0.210711 2.72483 -17.004 -16.1527 22.2731 24.1963
-2.24181 26.063 -7.96194 17.9583 0.438857 0.9562 -4.11231 -0.555524 27.1876 24.6773
-14.1907 -3.12638 -5.89715 -8.65168 0.28764 2.5539 -14.9281 -13.3388 -4.35731 -1.97175
7.76436 5.01527 15.8214 10.7784 0.475409 3.76251 9.28662 6.54675 3.20902 7.03943
13.9096 23.2823 19.4726 15.021 0.311035 2.16343 12.6698 15.2393 22.3504 24.0807
5.11713 0.468698 2.52521 -9.11292 0.421905 1.30661 3.0573 7.09983 0.872916 -0.220628
-21.7451 -18.4702 -11.8721 -19.7358 0.333171 3.0141 -21.8644 -21.4428 -20.1266 -16.8372
-5.48837 -5.37317 2.28746 -11.5087 0.478269 2.47356 -6.8068 -3.87237 -7.35004 -3.6311
4.36173 -36.1036 -0.0146861 -27.1557 0.306695 5.16728 5.69951 2.95523 -35.3623 -36.7045
-25.3635 -8.15963 -20.2238 -16.6608 0.39805 2.11458 -26.9874 -23.6035 -9.29511 -7.24924
-9.26881 -33.7886 -3.02463 -26.0107 0.248839 4.03593 -8.26884 -10.2043 -34.5253 -32.9715
-23.8112 18.9916 -14.7109 14.9628 0.33886 2.72481 -24.4065 -23.0413 17.4112 20.4949
16.8651 -22.26 10.3426 -29.7298 0.447788 0.852994 15.0833 18.4282 -20.9249 -23.8456
-0.403901 31.1362 9.5764 31.0263 0.214148 3.13059 -0.377493 -0.353968 30.0671 32.2044
28.6842 1.99801 19.7836 -2.34737 0.478987 0.454174 27.4727 29.554 4.04624 -0.217017
36.2714 -0.98082 26.7027 1.56543 0.486622 6.02311 36.7013 35.4623 1.39778 -3.25853
-6.93781 -20.3578 -1.31894 -28.5361 0.431598 2.17277 -8.6152 -5.08544 -21.6977 -19.2726
21.8659 19.8509 14.0237 13.7104 0.309282 0.664299 20.8537 22.7529 21.0146 18.5892
-0.0167939 -27.3369 -9.74671 -25.3463 0.406047 6.08139 0.253286 -0.55498 -25.3341 -29.2849
24.39 -11.0532 23.0414 -20.9295 0.277414 1.43509 23.0114 25.7512 -10.9296 -11.3037
24.173 -5.0343 14.2729 -4.35461 0.429373 6.21464 24.1663 23.8745 -2.89841 -7.14923
0.6125 13.7418 -1.64172 4.041 0.312759 1.34247 -0.922915 2.11111 14.0151 13.3101
32.0593 11.4203 27.0084 2.87389 0.418012 1.03702 30.1993 33.7718 12.3511 10.2398
10.527 35.0486 5.15217 26.693 0.39525 0.999178 8.80553 12.1081 36.0018 33.8774
24.4959 21.9777 16.5324 15.9928 0.303222 0.644482 23.5274 25.3422 23.1391 20.7244
-8.82163 -11.6032 1.12833 -11.6539 0.346341 3.1365 -8.73075 -8.7132 -13.3268 -9.88069
-25.3569 3.82712 -19.2083 11.6134 0.435317 4.04398 -23.5647 -26.9542 2.61218 5.28876
-9.26002 12.0331 -0.695406 6.93136 0.272968 2.60436 -9.90308 -8.51046 10.8325 13.1703
2.37042 27.0227 7.80131 18.6899 0.359025 2.1484 0.933035 3.92473 25.9581 27.9079
2.00816 27.9581 7.26648 19.5476 0.441584 2.12955 0.236927 3.95084 26.66 28.9819
22.1294 5.52675 18.5455 -3.78998 0.20639 1.20357 21.1552 23.0781 5.86349 5.12381
18.5949 4.0028 23.2679 -4.72958 0.480515 2.06215 16.5872 20.7832 2.71142 4.95683
29.1779 15.8612 22.7996 8.27839 0.468964 0.871461 27.2825 30.8386 17.2173 14.2261
0.223472 14.8091 -1.45595 5.01819 0.398701 1.40092 -1.75066 2.15299 15.0138 14.3443
28.1827 12.6718 22.9727 4.17243 0.272096 1.02088 26.9942 29.3069 13.3281 11.9105
-17.5721 29.8427 -10.8149 22.5816 0.441878 2.32027 -19.0661 -15.8576 28.2312 31.2171
-23.2919 -18.5197 -13.545 -16.6568 0.429562 3.33044 -22.7414 -23.5417 -20.5844 -16.3975
37.6676 -3.26538 28.5403 0.771751 0.217952 5.86674 38.0714 37.1915 -2.25473 -4.24404
27.1928 9.72558 21.8992 1.26478 0.216992 1.01171 26.2541 28.09 10.2667 9.11802
8.72431 21.3243 -1.17861 20.5598 0.403245 0.0770437 8.43562 8.74389 23.3106 19.3173
-35.5237 7.55449 -38.5383 -1.95307 0.249779 1.26376 -36.7268 -34.352 7.88149 7.12853
-15.46 -17.472 -5.54885 -18.0378 0.418211 3.08457 -15.4334 -15.1968 -19.5527 -15.4078
29.639 -23.6457 19.9233 -25.6931 0.413036 0.207694 29.0776 29.9233 -21.6684 -25.6813
-4.34653 15.3041 -2.14803 5.60659 0.368385 1.79374 -6.10781 -2.53541 14.7892 15.5991
-3.02029 21.9393 -4.12904 12.0386 0.299721 1.45927 -4.51233 -1.54487 22.0313 21.6989
-8.20965 4.64784 -8.06679 14.63 0.200756 4.69808 -7.20718 -9.21116 4.66705 4.69573
5.95866 -6.4474 0.475607 -14.7004 0.469647 0.984383 3.91951 7.79549 -5.3121 -7.8872
-22.8784 13.6183 -18.2087 4.8436 0.380152 2.05985 -24.4898 -21.1541 12.6248 14.4
-37.5042 -0.464212 -31.3062 -8.20767 0.442846 2.24579 -39.1171 -35.688 -1.96356 0.781206
-24.588 23.0427 -17.8158 15.7436 0.322123 2.31876 -25.7049 -23.3537 21.8887 24.0702
-13.8113 0.437446 -21.4889 6.78551 0.301828 5.5923 -12.9117 -14.8277 1.64437 -0.672942
-30.2789 -2.79147 -29.6076 -12.7263 0.319494 1.63826 -31.8602 -28.6861 -2.98335 -2.7689
-21.3395 -31.1793 -13.3337 -25.2303 0.249019 3.78065 -20.5574 -22.0388 -32.1453 -30.1517
24.2522 -13.0936 22.8118 -22.8949 0.474188 1.42487 21.9013 26.549 -12.9364 -13.6195
-32.687 9.54215 -23.012 11.7213 0.446006 3.36313 -32.0401 -33.012 7.42085 11.7359
23.6845 -18.6319 15.4416 -24.2325 0.287823 0.596792 22.8216 24.4335 -17.4844 -19.8569
1.41459 29.9783 6.40177 21.4239 0.485808 2.09862 -0.564819 3.59095 28.5979 31.0207
17.1351 -13.8943 23.3693 -21.6894 0.211023 2.2454 16.3357 17.9807 -14.581 -13.2655
-9.68723 -6.51907 -0.441282 -10.2813 0.207482 2.75515 -10.0443 -9.26375 -7.49176 -5.57339
9.41103 -13.5995 5.72462 -22.7902 0.484401 1.18934 7.11265 11.5647 -12.887 -14.6727
36.7221 -20.1887 28.5163 -14.6029 0.420323 5.68552 37.7749 35.427 -18.3817 -21.8308
-21.7467 -22.1544 -25.656 -13.0546 0.480856 5.11815 -19.6345 -24.0102 -21.0385 -22.9183
-0.596644 9.1581 -5.41173 17.8314 0.438171 5.21919 1.22625 -2.57412 10.3522 8.2424
-22.1487 -11.9982 -14.4491 -18.3045 0.33783 2.45535 -23.1406 -21.0101 -13.3589 -10.7577
25.7348 -14.4084 22.5589 -23.8418 0.333888 1.24604 24.1304 27.2801 -13.966 -15.0264
-34.2831 -1.00391 -25.1301 -4.89241 0.364539 2.73986 -34.8903 -33.4728 -2.71538 0.621242
-20.0454 -24.981 -10.5681 -22.0695 0.453785 3.43966 -19.2216 -20.5428 -27.0812 -22.7806
-34.102 -14.6058 -24.5361 -17.2984 0.387388 2.86721 -34.5036 -33.4605 -16.4924 -12.7867
-13.2512 8.49898 -15.1834 18.2853 0.243754 4.90732 -12.068 -14.4535 8.78297 8.312
-21.4776 16.6825 -12.0692 13.4063 0.300439 2.80651 -21.8988 -20.9146 15.2445 18.0711
6.46516 -19.5875 6.92149 -9.63339 0.29189 4.66658 7.92116 5.01566 -19.5833 -19.4501
-10.6137 -36.5861 -4.73118 -28.5523 0.320741 4.08036 -9.27484 -11.8516 -37.4605 -35.5737
28.0915 -21.8899 18.22 -23.3297 0.240171 0.144832 27.8711 28.2169 -20.7114 -23.0822
14.9513 11.464 21.045 3.61777 0.396561 2.23114 13.4756 16.5871 10.1526 12.5691
0.787739 -28.2769 -8.78214 -25.5965 0.385611 6.0101 1.18565 0.152069 -26.3984 -30.0887
24.3237 23.7694 18.6351 15.5687 0.216133 0.964323 23.4153 25.1878 24.3522 23.1227
-5.70452 -7.47968 3.02689 -12.1962 0.427952 2.64632 -6.58007 -4.56162 -9.42019 -5.68357
4.30869 5.07147 8.83998 13.963 0.221321 4.24108 5.31114 3.34325 4.60636 5.60923
-20.2786 -20.1987 -26.1345 -12.1921 0.440038 5.34387 -18.6118 -22.135 -18.7807 -21.3575
11.1034 27.7592 8.24406 18.2425 0.389405 1.27892 9.21422 12.9201 28.1953 27.0819
10.4362 -22.748 11.1906 -12.7995 0.234506 4.6367 11.6061 9.27315 -22.7909 -22.6139
-11.6981 -4.95884 -4.7885 -12.1439 0.27582 2.33665 -12.6451 -10.6633 -5.95735 -4.05155
-9.55954 -30.5642 -1.554 -24.6741 0.383236 3.77591 -8.33266 -10.59 -32.026 -28.958
-26.9762 12.8348 -19.1321 6.70455 0.327567 2.47823 -27.91 -25.9019 11.4951 14.0646
-23.1233 22.9098 -17.1514 14.9903 0.441937 2.2169 -24.7757 -21.2758 21.4609 24.1001
-15.5694 17.6361 -6.1184 14.4311 0.221315 2.81464 -15.8854 -15.1761 16.5771 18.6688
26.9708 -21.3453 17.2406 -23.4878 0.297341 0.216733 26.5804 27.2175 -19.9145 -22.8077
4.16284 -15.4825 10.8552 -8.10949 0.320111 3.97534 5.40018 3.04 -16.4906 -14.3483
-25.5317 -9.45664 -19.9031 -17.6793 0.291402 2.17106 -26.6899 -24.2938 -10.335 -8.69481
-9.42488 8.76883 -7.62059 18.5492 0.362418 4.52996 -7.63281 -11.1774 8.54916 9.20307
0.834896 -9.15851 7.20907 -16.7894 0.370592 2.2667 -0.50596 2.32199 -10.4272 -8.06494
13.3645 -36.7852 12.2159 -26.9188 0.401074 4.82828 15.3276 11.3704 -36.4223 -36.883
17.2433 -33.5573 22.7747 -25.2533 0.23158 4.12477 18.2296 16.3065 -34.1607 -32.8797
20.0377 -22.3549 13.5213 -29.9163 0.208131 0.859494 19.2273 20.8011 -21.7041 -23.0603
-17.0933 -15.8246 -10.047 -22.8011 0.45014 2.36117 -18.5441 -15.4037 -17.5287 -14.3569
-3.46325 18.619 -7.76341 9.62718 0.280909 1.12471 -4.7545 -2.22862 19.1638 17.9558
-2.41949 -21.3384 -6.30339 -12.1533 0.256941 5.11243 -1.26087 -3.6209 -20.7888 -21.7868
20.0381 11.7225 18.3354 1.90839 0.307025 1.39901 18.5181 21.5313 11.9067 11.3839
-4.22159 -35.8 -4.26394 -25.8239 0.238929 4.71663 -3.03 -5.41359 -35.7474 -35.7576
-25.3111 -10.5537 -19.408 -18.5458 0.392841 2.20697 -26.8048 -23.6652 -11.8163 -9.49728
-9.78486 -12.7443 0.139153 -11.6589 0.200919 3.25053 -9.64242 -9.86049 -13.7376 -11.7437
15.5007 -30.7298 14.8164 -20.8399 0.456033 4.78147 17.7439 13.2337 -30.4018 -30.7138
13.2856 3.24832 3.63694 0.936855 0.434235 0.235134 12.6316 13.6353 5.30677 1.11701
2.81833 35.486 7.70211 26.8262 0.373422 2.08429 1.25833 4.49209 34.4733 36.297
-7.85096 3.69189 -8.32327 13.6563 0.24229 4.75975 -6.64613 -9.0604 3.7979 3.68346
-0.0884756 17.8261 -0.738363 7.8699 0.233005 1.50561 -1.25134 1.0685 17.8567 17.7053
16.7151 -29.5679 14.2728 -19.9008 0.264965 4.95985 17.9815 15.42 -29.1877 -29.8348
29.3106 -11.052 26.9477 -20.7247 0.321063 1.33121 27.7375 30.843 -10.7559 -11.5145
10.1839 -8.31484 4.61762 -16.5544 0.36829 0.976666 8.60358 11.6381 -7.38317 -9.43319
10.5316 2.03579 0.738866 0.303697 0.364507 0.175065 10.1072 10.7386 3.80133 0.231812
-27.3072 -4.01526 -29.244 -13.7493 0.425243 1.37439 -29.4061 -25.2668 -3.75058 -4.57419
-18.8806 25.3559 -10.1374 20.5463 0.225939 2.63867 -19.3867 -18.3 24.3478 26.3232
-9.93073 12.7787 -1.56066 7.41249 0.371606 2.57148 -10.8312 -8.83712 11.1617 14.272
2.63532 -35.6495 0.522663 -25.8925 0.200959 4.92562 3.60859 1.64782 -35.4044 -35.829
10.0838 -20.3693 11.3198 -10.4724 0.250881 4.58814 11.3318 8.84881 -20.4724 -20.1623
-4.98311 35.7498 -5.21743 25.7751 0.232971 1.54731 -6.14607 -3.82227 35.7319 35.6773
-13.8459 16.2991 -4.45525 13.0299 0.368787 2.80658 -14.342 -13.1364 14.5304 17.9935
8.73878 -15.4789 4.98908 -24.6406 0.49215 1.18232 6.40831 10.9173 -14.7419 -16.5873
16.2138 25.6065 20.511 16.6016 0.231428 2.01604 15.191 17.275 25.069 26.0635
24.9158 16.405 20.8425 7.32553 0.342221 1.14908 23.3224 26.4296 17.0132 15.6192
29.3433 -9.74435 29.6905 -19.7152 0.235579 1.60561 28.1704 30.5193 -9.83141 -9.7496
6.2493 -0.954105 2.42043 -10.1388 0.343634 1.17583 4.63346 7.78965 -0.386799 -1.70253
8.85231 -14.4394 5.32707 -23.7043 0.457683 1.20722 6.67036 10.9108 -13.795 -15.4084
16.4648 5.8239 24.217 -0.361608 0.44533 2.46814 15.216 17.9706 3.99517 7.44749
0.474058 28.1485 6.68598 20.3551 0.284894 2.24375 -0.594019 1.62628 27.2108 28.9806
37.8106 6.26865 28.9557 1.69961 0.293341 0.476359 37.0769 38.4171 7.53459 4.93709
-29.0225 -7.22738 -22.0756 -14.3262 0.403366 2.34537 -30.3597 -27.4963 -8.72495 -5.92284
-6.56409 26.1266 1.20445 19.8626 0.222692 2.46301 -7.22942 -5.83448 25.2357 26.9657
14.3394 3.2435 4.58761 1.18074 0.279312 0.208455 13.9878 14.564 4.59196 1.86818
-15.4469 0.184291 -22.1348 7.55652 0.333267 5.44915 -14.2804 -16.7373 1.36708 -0.861778
18.6649 27.4409 20.6666 17.6859 0.316801 1.77318 17.1365 20.2269 27.0421 27.6763
-5.75721 11.6893 -2.79088 2.23497 0.468708 1.87482 -7.91835 -3.48705 10.8204 12.2107
-8.94787 30.1395 -3.53448 21.7567 0.22589 2.1442 -9.87162 -7.97804 29.4924 30.7152
12.468 2.26778 2.67211 0.763503 0.463479 0.152371 11.9434 12.6406 4.51085 -0.029349
-38.7617 2.62871 -28.8174 1.99748 0.292822 3.0782 -38.783 -38.5981 1.16824 4.08015
-22.4298 -10.2308 -19.1717 -19.5881 0.469741 1.90586 -24.5675 -20.172 -11.1687 -9.63826
11.6137 1.16661 1.69751 0.601633 0.403673 0.0569143 11.3646 11.5927 3.16037 -0.842522
26.9712 25.2501 17.0914 23.9117 0.268299 0.134644 26.7323 27.0914 26.5674 23.9167
-1.97947 -24.0811 -8.60109 -16.6228 0.252018 5.43843 -1.07474 -2.95436 -23.2072 -24.8759
-14.6679 -9.45067 -4.76866 -10.7368 0.205142 3.01239 -14.7651 -14.5013 -10.4706 -8.43981
20.6543 8.77656 23.6538 -0.695693 0.39283 1.87747 18.8325 22.5535 8.06529 9.24358
3.38688 26.4305 8.32943 17.83 0.439991 2.09239 1.57481 5.35895 25.204 27.3786
4.16797 -1.3947 2.11567 -11.0797 0.490433 1.36198 1.75174 6.50159 -1.08635 -2.09286
4.18312 20.1377 -0.803116 11.496 0.234915 1.04746 3.14514 5.1752 20.6836 19.5122
31.9773 16.7275 41.9154 16.8091 0.384879 3.14979 32.116 32.0846 14.8161 18.641
-11.4601 -21.4614 -1.57024 -20.8542 0.469198 3.20291 -11.1356 -11.4205 -23.7704 -19.13
-3.61149 -9.94904 5.76004 -13.3819 0.216524 2.79047 -3.9465 -3.20321 -10.977 -8.94788
30.0773 -3.045 20.3121 -5.12063 0.200204 0.209437 29.8369 30.2524 -2.07443 -4.02945
-19.6025 -31.6335 -11.8997 -25.3665 0.409909 3.82457 -18.2099 -20.7788 -33.1242 -29.9668
-31.8943 4.25312 -35.0958 -5.19759 0.228599 1.24418 -32.9885 -30.8281 4.57785 3.846
36.8947 -2.46695 27.6325 1.19224 0.314754 5.90694 37.394 36.2422 -0.97904 -3.89434
-28.0675 -18.8519 -21.954 -26.6703 0.425148 2.23443 -29.6371 -26.3132 -20.2696 -17.6705
-12.1873 15.0726 -2.72401 11.9974 0.345217 2.8274 -12.624 -11.5624 13.4085 16.6754
31.2176 -5.32786 21.2517 -4.85667 0.234962 6.23594 31.227 31.1163 -4.15489 -6.49649
-34.6074 -6.77059 -24.7577 -8.20619 0.333106 2.99686 -34.7553 -34.2771 -8.4244 -5.14338
4.72521 24.1868 3.3648 14.3492 0.40676 1.43338 2.70563 6.70717 24.3274 23.7741
1.19357 -4.22627 3.29462 -13.9626 0.308083 1.78333 -0.28959 2.71002 -4.62705 -3.97975
-17.2807 24.1361 -8.38919 19.6096 0.233418 2.67071 -17.7685 -16.712 23.0778 25.1532
36.9658 3.48114 29.9437 -3.55263 0.382845 0.786226 35.5334 38.2263 4.73922 2.05082
38.393 -7.82737 28.8449 -5.01763 0.336394 5.99699 38.7754 37.8302 -6.19487 -9.40678
27.1988 -4.65571 17.2487 -4.50981 0.342445 6.26852 27.1264 27.0764 -2.9506 -6.35797
-29.8656 20.5625 -23.8866 12.571 0.215555 2.21312 -30.7037 -28.9811 19.8872 21.176
-31.6335 3.07993 -35.3302 -6.16746 0.314233 1.1905 -33.1169 -30.211 3.58452 2.4229
20.3289 12.6707 18.5006 2.88669 0.334619 1.38606 18.6749 21.9488 12.8852 12.2734
15.9918 21.0285 21.1022 12.5219 0.428472 2.11176 14.2478 17.8927 19.8032 21.9928
22.3949 2.49381 19.6891 -7.07568 0.364749 1.29524 20.6196 24.11 2.88094 1.89402
17.8157 -15.9423 24.5353 -23.292 0.31619 2.31144 16.7098 19.0337 -17.066 -14.9413
17.3437 -12.3351 23.6285 -20.0575 0.322782 2.25392 16.152 18.6446 -13.4166 -11.388
-24.0823 0.168238 -18.6805 8.48699 0.44229 4.13648 -22.1543 -25.8336 -0.890276 1.49886
28.6065 9.9275 22.5474 2.03004 0.332282 0.916361 27.2386 29.8628 10.8614 8.84803
-25.6469 -21.4842 -16.2523 -18.2074 0.347717 3.47719 -24.9824 -26.1217 -23.0845 -19.8178
25.1534 -3.34571 15.2618 -4.43073 0.343411 0.109255 24.8697 25.2423 -1.65795 -5.05483
23.4621 14.6964 19.095 5.73507 0.273955 1.11734 22.2072 24.6622 15.2385 14.0421
8.8893 -16.5695 4.47344 -25.489 0.337076 1.11109 7.34415 10.3507 -15.9099 -17.3983
-28.7161 12.2491 -18.9165 10.5711 0.372576 2.972 -28.9151 -28.2899 10.4041 14.0552
-7.53079 31.9141 -3.927 22.6853 0.471835 1.94308 -9.64092 -5.28644 30.892 32.5924
9.34652 26.7858 2.85958 19.2335 0.325878 0.86114 8.05844 10.5196 27.7759 25.6619
-31.09 16.5222 -22.02 12.45 0.372748 2.71959 -31.7437 -30.2258 14.7845 18.1654
-26.0298 -7.34635 -20.7549 -15.8195 0.214217 2.12762 -26.9171 -25.102 -7.94376 -6.8138
-6.47165 -32.0882 -1.52004 -23.4347 0.268609 4.19265 -5.27965 -7.60404 -32.7011 -31.3711
35.4608 0.969922 26.074 4.17084 0.445499 5.95455 36.018 34.592 3.11393 -1.06786
21.2044 25.6621 21.1364 15.7012 0.305414 1.56397 19.6828 22.725 25.595 25.5742
-20.8712 26.8427 -11.0526 28.1285 0.484559 3.2718 -20.3668 -20.9898 24.4891 29.2468
-30.2088 -26.1231 -21.5342 -21.2387 0.328072 3.65441 -29.3297 -30.9321 -27.5021 -24.6562
-27.3121 10.6003 -19.4471 4.52651 0.388319 2.48401 -28.3923 -26.0338 8.99666 12.0508
9.96941 -5.9446 5.62467 -14.8911 0.361291 1.11871 8.30589 11.5382 -5.25727 -6.82699
-19.0349 4.91708 -15.4632 14.2344 0.227339 4.34633 -17.9604 -20.0786 4.55125 5.36324
21.0068 -16.18 25.6027 -24.946 0.496143 2.05369 18.9268 23.276 -17.5007 -15.2205
-7.23177 -39.3033 -9.22358 -29.5731 0.404466 4.9143 -5.29123 -9.22676 -38.7675 -39.5731
-7.71173 0.472197 -4.52381 -8.91028 0.46727 1.89833 -9.84558 -5.46144 -0.443952 1.04567
35.525 -20.134 27.7001 -14.0114 0.393769 5.61924 36.629 34.2181 -18.5141 -21.5953
-20.7346 -18.2832 -10.8983 -19.9359 0.249158 2.97513 -20.8895 -20.4777 -19.5172 -17.0664
19.7704 -30.5014 9.94978 -29.2582 0.49315 6.15726 19.8771 19.264 -28.0546 -32.8976
-0.709731 -12.1629 7.42532 -17.9467 0.210408 2.52354 -1.28818 -0.0712145 -13.0401 -11.3284
16.405 -10.6156 22.3585 -18.5477 0.444859 2.21465 14.7392 18.2678 -12.0711 -9.42267
29.3393 -13.9751 24.0158 -22.328 0.478093 1.00338 27.2408 31.2342 -12.8623 -15.4074
-15.9739 21.9782 -6.56387 18.8453 0.444715 2.82021 -16.5149 -15.1217 19.834 24.0188
6.37529 -31.2601 13.1993 -23.9926 0.272305 3.95845 7.407 5.42803 -32.1442 -30.286
12.117 29.9795 5.73683 22.3564 0.377552 0.873931 10.6019 13.48 31.0931 28.6843
2.99242 1.77298 2.58562 -8.12321 0.479302 1.52971 0.612968 5.35623 1.68029 1.48531
-11.6967 -10.3755 -1.8466 -11.3908 0.484957 3.03888 -11.7491 -11.2567 -12.7839 -8.00702
5.97515 28.304 5.07482 18.3684 0.238234 1.48043 4.78738 7.15439 28.3642 28.1498
-33.157 -9.78863 -27.7958 -18.1744 0.335782 2.13964 -34.5144 -31.6987 -10.7677 -8.96746
10.305 13.7621 9.42797 3.85051 0.345725 1.48254 8.58288 12.0096 13.8147 13.5115
-13.5616 -9.17941 -3.77797 -10.7262 0.477752 2.98479 -13.7443 -13.0053 -11.546 -6.87187
-14.9398 6.28312 -15.8401 16.2226 0.218161 4.80272 -13.8592 -16.0276 6.42078 6.22437
18.2266 -18.3668 15.8888 -28.0464 0.31816 1.33381 16.6671 19.7467 -18.0767 -18.8205
28.5438 15.1535 22.1397 7.52789 0.317528 0.872238 27.2793 29.7006 16.106 14.0725
23.68 -32.4942 26.4699 -22.9847 0.464597 4.42702 25.9394 21.5213 -32.9706 -31.6744
29.1637 20.3869 23.5872 12.1864 0.447069 0.973607 27.2374 30.9036 21.4964 19.0033
-7.53989 5.66305 -7.75348 15.5955 0.396134 4.73389 -5.5754 -9.50998 5.83558 5.75097
-14.8637 -24.9036 -5.39772 -21.7433 0.221097 3.46382 -14.4758 -15.1745 -25.9372 -23.8443
-12.1654 -23.6234 -2.59406 -20.8149 0.245718 3.42701 -11.7721 -12.4622 -24.7852 -22.4333
-13.7552 -0.880456 -20.7353 6.13926 0.492143 5.49496 -12.1693 -15.624 0.9794 -2.45579
-2.58261 -23.2468 -9.2774 -15.8935 0.365597 5.45095 -1.31317 -4.00152 -21.9409 -24.3885
20.6005 18.2582 12.3989 12.5843 0.255005 0.605207 19.8326 21.2795 19.2732 17.1817
-17.4298 17.6085 -9.90698 11.1063 0.3688 2.42884 -18.5434 -16.1454 16.1475 18.9219
23.2552 -3.91541 13.2794 -4.24703 0.211615 0.0332302 23.1829 23.2531 -2.86113 -4.97217
-10.5389 -21.4578 -0.579866 -20.9325 0.255269 3.19429 -10.4177 -10.5518 -22.7261 -20.1838
31.1971 -14.0532 24.6934 -21.6047 0.285293 0.859805 30.0758 32.2301 -13.1767 -15.0322
-6.66145 -0.239371 -4.25887 -9.84498 0.486872 1.81589 -8.95215 -4.27545 -1.01475 0.155004
30.2256 3.52279 21.5396 -1.36458 0.283416 0.512522 29.4748 30.8599 4.72091 2.25916
-9.93699 25.8085 -2.97636 18.7511 0.458857 2.34929 -11.4336 -8.19526 24.0872 27.2812
-13.6327 26.0656 -5.3268 20.5701 0.312442 2.55708 -14.4235 -12.7065 24.7233 27.3184
0.623788 16.7562 -0.867866 6.90641 0.301623 1.4205 -0.873003 2.09793 16.9064 16.4565
-6.7059 13.8511 -7.65422 3.92066 0.241852 1.47559 -7.91137 -5.50967 13.9173 13.688
9.13863 -23.8382 9.0264 -13.876 0.298678 4.72365 10.6255 7.65004 -23.7473 -23.7808
-30.3957 -14.2627 -20.4834 -13.5504 0.386786 3.21333 -30.134 -30.4095 -16.1708 -12.3369
-10.674 16.0517 -1.83674 11.5544 0.450166 2.67085 -11.5365 -9.51198 13.9864 17.9646
-9.53889 -21.4356 0.408312 -21.0411 0.328756 3.18124 -9.38429 -9.51399 -23.0672 -19.797
-16.3463 -22.943 -6.53409 -21.4083 0.405792 3.29675 -15.8999 -16.5227 -24.9127 -20.931
15.2107 21.7101 20.5638 13.3623 0.447733 2.141 13.4316 17.1692 20.3718 22.7685
5.85892 -37.607 0.933024 -28.9254 0.209144 5.22849 6.74882 4.93309 -37.0602 -38.0905
7.41486 -30.8651 13.8922 -23.2851 0.265803 4.00528 8.46044 6.44564 -31.6813 -29.9596
9.05351 -18.901 12.3342 -9.54539 0.454403 4.37512 11.2358 6.98454 -19.4849 -17.9941
-13.6849 -30.5282 -6.49958 -23.6041 0.226964 3.90848 -12.8682 -14.4398 -31.3138 -29.683
34.0912 6.75694 24.5636 3.9834 0.430176 0.283277 33.3472 34.5404 8.76331 4.66477
19.7006 15.9493 10.9029 11.2615 0.274318 0.489575 19.0023 20.2883 17.1265 14.7132
-33.3633 -1.40848 -24.2002 -5.2635 0.376436 2.74336 -33.9804 -32.5293 -3.17878 0.270563
-22.1659 -2.88833 -21.8156 -12.8531 0.264499 1.60593 -23.4816 -20.846 -2.99281 -2.90017
0.0520596 10.6989 -6.01041 18.6124 0.27366 5.36611 1.09699 -1.06863 11.5779 9.91879
25.0644 -19.1008 16.2597 -23.6606 0.451384 0.477858 23.8852 25.9435 -17.1913 -21.1656
28.1941 -4.78384 18.2423 -4.57766 0.332707 6.26247 28.1364 28.0678 -3.12642 -6.43745
-21.431 4.87221 -16.8028 13.6253 0.48727 4.226 -19.2065 -23.4716 3.91848 6.17369
7.25347 -25.6255 10.8571 -16.4071 0.496151 4.33974 9.61456 5.04083 -26.3296 -24.5416
0.914001 -34.1881 1.76648 -24.2481 0.237663 4.62684 2.0992 -0.263166 -34.2426 -34.04
5.59675 21.777 5.53877 11.8569 0.437951 1.56495 3.42356 7.76808 21.6307 21.6053
18.6951 -31.0563 8.96879 -29.0447 0.403838 6.07924 18.9688 18.1564 -29.0649 -32.9928
12.0776 10.2206 4.40294 3.9415 0.449545 0.685722 10.5365 13.3592 11.8396 8.38948
-5.64759 -2.5908 0.945808 -10.0815 0.223586 2.29257 -6.45751 -4.78268 -3.35913 -1.88494
1.95793 33.6947 8.24468 25.991 0.369213 2.25526 0.607368 3.45165 32.4464 34.7675
9.60804 -6.89694 5.19984 -15.7698 0.471642 1.1097 7.43361 11.6184 -6.02248 -8.10157
15.9483 19.8873 21.5796 11.6453 0.20742 2.17018 15.1138 16.8233 19.2737 20.4418
6.97365 8.02588 2.1219 -0.695491 0.218773 1.06313 6.00029 7.90828 8.52178 7.46035
-12.4256 -8.55875 -2.80561 -10.9064 0.484887 2.90223 -12.8056 -11.6672 -10.9372 -6.27262
-14.4332 -21.781 -4.5638 -21.0298 0.495692 3.21756 -14.0441 -14.4165 -24.2116 -19.3195
-0.579342 5.85025 -4.17687 15.1364 0.315199 5.08199 0.854315 -2.07267 6.49422 5.36029
-23.6011 1.38812 -28.8729 -6.99942 0.473853 1.00966 -25.6874 -21.7129 2.47962 -0.0184427
-1.07827 -18.6544 -5.09556 -9.57872 0.424594 5.12911 0.787939 -3.06554 -17.6648 -19.3705
26.3863 -23.7175 16.6547 -25.8213 0.323558 0.212907 25.9609 26.6416 -22.1615 -25.3103
-21.5251 7.23812 -16.0249 15.5274 0.353301 4.12657 -20.0034 -22.9321 6.35292 8.29613
-5.39065 34.7498 -5.24171 24.7753 0.241945 1.58573 -6.59656 -4.18328 34.6831 34.7191
3.05938 -30.672 10.9239 -24.6515 0.479763 3.79495 4.65501 1.76662 -32.4426 -28.6695
17.0597 -1.11381 13.0558 -10.1979 0.41823 1.15565 15.1016 18.9008 -0.409341 -2.08388
-10.9219 13.1184 -2.42449 7.88111 0.20927 2.58924 -11.4389 -10.3429 12.2102 13.9884
12.8639 -27.5195 14.9277 -17.8404 0.498701 4.50231 15.3203 10.4933 -27.8326 -26.8034
-8.43643 -36.7529 -4.09704 -27.7624 0.202503 4.2627 -7.51129 -9.33189 -37.1615 -36.2828
7.14121 -29.1177 14.5491 -22.5446 0.481712 3.86735 8.86817 5.70186 -30.7743 -27.2058
35.9375 -10.3189 26.1707 -11.9509 0.485173 0.165568 35.3492 36.141 -7.98173 -12.7203
-12.7531 -17.771 -4.22726 -22.9227 0.304629 2.59805 -13.4717 -11.9023 -19.1095 -16.5123
-17.7777 8.78522 -14.7256 18.2057 0.484394 4.39907 -15.4362 -19.9994 8.23093 9.70936
-16.8175 -5.66785 -14.5806 -15.3185 0.474354 1.79856 -19.0643 -14.4865 -6.38002 -5.31897
-21.9323 18.3043 -12.8914 14.1349 0.325161 2.70949 -22.5304 -21.1747 16.7976 19.7374
-29.5481 13.3736 -20.1127 10.2401 0.373147 2.82096 -30.0229 -28.8537 11.5767 15.0975
16.5163 -20.0615 15.7129 -30.0113 0.206465 1.49023 15.4863 17.5406 -20.0139 -20.1798
3.82179 -18.3169 5.14342 -8.46709 0.385841 4.57901 5.73845 1.93799 -18.4494 -17.9394
24.8007 -26.1375 16.3431 -20.8876 0.330406 5.72766 25.5909 23.8563 -24.6925 -27.4869
18.3702 6.48327 24.8157 -1.13849 0.209346 2.27277 17.596 19.1916 5.78075 7.13008
15.3902 28.232 5.73774 30.7644 0.223509 6.0266 15.633 15.067 29.3212 27.1638
4.44744 -17.4041 5.2442 -7.48652 0.348459 4.63222 6.18344 2.72759 -17.4423 -17.1647
19.167 1.92779 19.1301 -7.98485 0.458319 1.56708 16.8948 21.4379 1.76211 1.74521
34.8735 13.1949 28.8456 5.31944 0.445192 0.91751 33.0206 36.5267 14.4062 11.7226
18.2278 -19.3722 15.6157 -28.9968 0.255626 1.30579 16.9834 19.4437 -19.0908 -19.7585
21.2222 19.0007 13.2492 13.0906 0.425717 0.637881 19.8434 22.3595 20.6083 17.214
-2.6098 29.5695 -9.9675 22.9085 0.424827 0.735743 -4.13569 -1.3059 31.0319 27.9062
-37.6383 8.17433 -28.6139 3.96067 0.311623 2.70476 -38.2217 -36.9086 6.73408 9.54627
-10.7331 -10.8377 -0.859725 -11.5479 0.493394 3.06978 -10.7072 -10.3568 -13.2879 -8.41642
-6.72329 6.67078 -7.74553 16.5808 0.29969 4.81518 -5.24598 -8.21592 6.89825 6.59189
0.578895 -20.5294 4.21646 -11.2718 0.358199 4.33799 2.27591 -1.04016 -21.0817 -19.7787
-6.54622 24.3651 -2.63179 15.2638 0.471995 1.97697 -8.62117 -4.32539 23.2717 25.1193
18.1997 -7.51547 24.7727 -14.9205 0.487085 2.29674 16.5268 20.1336 -9.26325 -6.06166
-18.4927 -22.5602 -8.65996 -21.3557 0.475058 3.26348 -18.021 -18.5932 -24.873 -20.2019
13.8778 -6.36478 9.60198 -15.295 0.487973 1.12424 11.6138 15.9715 -5.49944 -7.58594
-18.0682 -4.98429 -14.8862 -14.3763 0.448576 1.89745 -20.1212 -15.9081 -5.85599 -4.42864
16.3618 -1.91649 12.6279 -11.1002 0.455623 1.18464 14.2048 18.3891 -1.2253 -2.92653
12.8535 -24.5129 15.8817 -15.0154 0.274908 4.40374 14.1781 11.5671 -24.8692 -24.0368
8.08065 0.396745 3.49246 -8.46472 0.225474 1.09303 7.06218 9.06021 0.87643 -0.158086
-17.3681 2.46099 -15.8991 12.2792 0.417609 4.56387 -15.2966 -19.3968 2.29736 2.91082
27.1441 -28.075 18.7915 -22.614 0.222665 5.70414 27.7175 26.5016 -27.1225 -28.9823
17.6209 24.0499 21.1193 14.7196 0.291474 1.92953 16.2859 19.0054 23.4739 24.4936
-25.3058 5.01778 -18.5127 12.3329 0.203319 3.96398 -24.5387 -26.026 4.35242 5.73358
9.33697 23.6147 -0.174592 20.6404 0.2868 0.303071 8.84517 9.6982 24.9582 22.2303
-7.85498 22.4289 -4.88879 12.9311 0.346033 1.8735 -9.4686 -6.18205 21.8208 22.8472
17.1778 31.2116 8.19385 26.9722 0.398546 0.440907 16.2137 17.9033 32.9456 29.3651
-6.66356 9.89978 -6.06582 -0.000709277 0.442768 1.6311 -8.84557 -4.46195 9.60517 9.86983
-17.1647 -9.99216 -12.8236 -18.9521 0.324451 2.02197 -18.5801 -15.6731 -10.7751 -9.36665
4.86853 -31.2561 11.9012 -24.1892 0.268923 3.92942 5.86118 3.96074 -32.159 -30.2678
-7.62014 -13.7413 2.14379 -11.8284 0.348222 3.33506 -7.18822 -7.85434 -15.422 -12.022
9.92692 12.8175 9.37036 2.87361 0.311942 1.51488 8.37144 11.4734 12.8236 12.65
0.495884 19.6949 -0.487666 9.80277 0.376952 1.47169 -1.38022 2.34864 19.7629 19.3921
-4.51082 -12.7682 5.06757 -10.264 0.489781 3.39732 -3.70531 -4.93184 -15.0636 -10.3723
-9.3051 35.3835 -1.18394 29.5958 0.256988 2.52241 -10.004 -8.51667 34.3081 36.3951
7.94713 9.70401 3.30137 0.894431 0.31193 1.08551 6.53541 9.28339 10.357 8.90789
-18.2071 24.4489 -9.27018 20.0645 0.330673 2.6855 -18.8505 -17.4007 22.9313 25.8865
-14.5835 -35.8415 -7.86525 -28.4776 0.277226 3.9728 -13.5197 -15.5612 -36.7255 -34.863
16.4883 -3.00425 12.0973 -11.9377 0.331683 1.11396 14.9664 17.9295 -2.3581 -3.81451
-32.2332 -5.64476 -23.6471 -10.6081 0.445666 2.61745 -33.1966 -30.9846 -7.64044 -3.81392
4.35513 32.303 6.85628 22.6759 0.357891 1.82498 2.65915 6.10461 31.7524 32.6476
-36.0717 4.07663 -30.5781 -4.18377 0.437764 2.15767 -37.7917 -34.1756 2.74186 5.14673
28.025 4.88284 20.4493 -1.55011 0.384427 0.704003 26.695 29.168 6.25958 3.34727
28.8856 -14.817 23.4707 -23.1704 0.329218 0.99567 27.4615 30.2116 -14.0013 -15.784
24.0208 26.1741 20.9106 16.7493 0.425414 1.25205 21.969 25.9785 26.6931 25.37
34.9425 14.3938 29.4197 6.15789 0.448975 0.98009 33.0006 36.6983 15.4948 13.0152
-24.9699 -20.0554 -15.4507 -17.226 0.408044 3.43051 -24.2602 -25.4147 -21.9581 -18.0739
3.62416 6.76855 9.51333 14.7359 0.471593 4.07586 5.61237 1.85505 5.52811 8.30541
-2.05532 -9.19409 6.54187 -14.1632 0.410422 2.61751 -2.95402 -0.914568 -11.0283 -7.4998
-14.3571 32.5163 -6.96016 25.8125 0.203126 2.40531 -15.0126 -13.6508 31.7419 33.2445
-2.95842 -37.7162 -4.17382 -27.8256 0.290088 4.83466 -1.53238 -4.40152 -37.4704 -37.823
-23.5921 -26.2206 -27.0253 -16.88 0.341079 5.06463 -22.0325 -25.2184 -25.5443 -26.7153
38.5147 -4.25112 29.1232 -0.94124 0.31887 5.94434 38.9627 37.9073 -2.72569 -5.72036
-15.6318 13.4468 -14.7413 3.5553 0.405952 1.66058 -17.6272 -13.6118 13.1298 13.4913
-35.6128 -6.965 -25.7529 -8.05777 0.437887 3.03121 -35.694 -35.2155 -9.14128 -4.82375
-19.1943 -24.3555 -9.61001 -21.7941 0.436817 3.40274 -18.482 -19.6009 -26.408 -22.2214
-21.5348 -5.53895 -16.1071 -13.8797 0.342112 2.14769 -22.9085 -20.055 -6.5489 -4.69201
22.7229 20.3516 14.7951 14.344 0.35731 0.648476 21.565 23.7116 21.7039 18.8712
-17.9402 -30.0746 -10.0393 -24.101 0.478334 3.78896 -16.3603 -19.2177 -31.8499 -28.0706
39.3949 6.14445 31.0701 0.788716 0.493698 0.571686 37.9031 40.5472 8.09017 3.98026
-4.64472 -7.66051 3.89882 -12.6848 0.461711 2.60998 -5.6523 -3.33251 -9.72241 -5.77776
6.55778 31.2819 5.38813 21.4213 0.410942 1.45273 4.5152 8.56736 31.3831 30.9024
11.365 -12.2743 6.83443 -21.1166 0.394109 1.0973 9.56381 13.0486 -11.4963 -13.2818
7.31356 8.88685 2.79532 0.0488567 0.422006 1.09821 5.38146 9.11115 9.70866 7.80193
-32.6296 14.9936 -22.9682 12.7624 0.450515 2.91464 -32.9682 -31.963 12.7794 17.132
3.70548 7.96095 10.1479 15.4755 0.495242 4.00366 5.69845 1.97693 6.5199 9.71044
-3.14525 -33.165 -5.39359 -23.4531 0.274118 4.93989 -1.82825 -4.49045 -32.7959 -33.4123
39.2788 -0.693352 34.759 -9.54972 0.370035 1.0989 37.5885 40.8657 0.0416102 -1.63089
18.9292 0.964469 19.1995 -8.97608 0.366177 1.59798 17.1122 20.7522 0.803664 0.902629
21.8737 -28.5014 11.9694 -28.9965 0.447797 0.0499437 21.5968 21.8185 -26.2921 -30.7273
8.00923 -17.3856 12.6785 -8.6084 0.373865 4.22349 9.70448 6.42301 -18.1559 -16.4103
-22.7637 -23.6298 -25.4115 -14.0173 0.26629 4.98118 -21.4995 -24.0592 -23.2204 -23.9254
-5.31586 20.8823 -4.15647 11.0516 0.49343 1.68819 -7.71763 -2.86686 20.396 20.9681
-35.8832 5.39706 -31.1007 -3.3279 0.347546 2.07221 -37.3511 -34.3188 4.47798 6.14013
29.6356 17.324 22.3011 10.6483 0.445092 0.738404 28.0285 30.9998 18.8457 15.5811
-30.2471 -1.77215 -29.6492 -11.733 0.225533 1.63075 -31.3678 -29.1213 -1.88183 -1.74698
-23.807 -25.229 -27.3451 -15.9261 0.336031 5.07582 -22.2773 -25.4034 -24.5469 -25.7358
-32.7117 17.8233 -27.214 9.55015 0.400688 2.15731 -34.2954 -30.9805 16.6109 18.8137
-5.0578 7.90968 -5.40321 17.8651 0.304605 4.74707 -3.54424 -6.5767 8.03939 7.93417
26.2127 -4.65845 16.2512 -4.47016 0.296785 6.26429 26.1675 26.1116 -3.17885 -6.13529
34.6082 -8.87785 25.1564 -12.0867 0.209716 0.327283 34.2371 34.91 -7.89852 -9.88072
-30.7784 1.50853 -35.7444 -7.07122 0.456711 1.0461 -32.8242 -28.9057 2.4929 0.224849
-28.1651 -7.84252 -21.3642 -15.0331 0.497367 2.32835 -29.8125 -26.2361 -9.68262 -6.30011
38.3872 -15.5414 29.1559 -11.8656 0.391732 5.90425 38.9888 37.5489 -13.6861 -17.3023
-12.6998 30.7676 -5.3294 24.1501 0.477429 2.40996 -14.139 -10.9795 28.882 32.4009
-0.598324 36.8567 2.2303 27.3695 0.490902 1.86056 -2.86993 1.78735 35.9712 37.3597
30.0541 21.0007 24.1872 13.0034 0.442875 0.937873 28.1869 31.7287 22.1686 19.5704
34.7881 -14.274 27.1785 -20.6661 0.385858 0.698657 33.4602 35.9267 -12.8854 -15.8216
-28.3271 20.3218 -23.2811 11.7724 0.41764 2.104 -30.0388 -26.4683 19.1435 21.2509
-32.1079 -17.2092 -22.2142 -15.9258 0.236905 3.27059 -31.9095 -32.2136 -18.3752 -16.0313
27.4846 8.20048 21.3305 0.448048 0.495238 0.899832 25.4387 29.278 9.56525 6.51752
-25.5685 6.89752 -17.8208 13.0563 0.497085 3.81323 -23.8776 -26.939 5.09922 8.9505
29.276 -27.3612 23.191 -19.4514 0.221212 5.36813 30.1261 28.3763 -26.6559 -28.002
-7.73025 21.3507 -4.42019 12.0091 0.463416 1.91133 -9.83534 -5.50626 20.416 21.9499
5.1597 22.7488 5.53496 12.8566 0.492271 1.60871 2.73248 7.60213 22.4559 22.6406
-2.39175 -26.4036 -10.8205 -21.0865 0.286973 5.72041 -1.68675 -3.21261 -25.1576 -27.5764
11.5347 -11.2235 7.32378 -20.2597 0.271855 1.13471 10.2805 12.737 -10.7068 -11.8516
32.7946 3.37609 23.1702 0.884871 0.374724 0.253285 32.215 33.1485 5.15012 1.54363
34.1002 -23.4383 28.6578 -15.0767 0.235953 5.28939 35.0614 33.0885 -22.7574 -24.0416
-2.44177 27.4385 -7.4792 18.8231 0.219137 1.0417 -3.40592 -1.51797 27.9559 26.852
1.58673 -0.215215 2.50261 -10.0998 0.419178 1.66319 -0.471527 3.67188 -0.552337 -0.168416
17.505 -14.8759 23.9328 -22.506 0.236299 2.27088 16.6334 18.4364 -15.6709 -14.152
-28.4149 -14.1725 -19.5974 -18.7626 0.377706 2.66162 -29.1766 -27.4429 -15.8924 -12.562
-19.5369 -17.523 -9.99104 -20.4266 0.231544 2.84631 -19.8304 -19.1581 -18.6412 -16.4309
-24.0553 -19.5395 -14.5036 -16.9069 0.470801 3.41053 -23.2585 -24.498 -21.7392 -17.2422
-2.10378 -38.546 -4.0667 -28.8243 0.444458 4.91162 0.0242454 -4.29664 -37.9492 -38.8217
20.2717 10.6548 18.2274 0.925517 0.374344 1.36368 18.4268 22.0689 10.9235 10.1582
-2.49955 30.8824 -9.26876 23.6129 0.400929 0.821018 -4.04774 -1.13319 32.1418 29.4278
-21.9498 27.362 -12.0662 28.0398 0.473406 3.21007 -21.6041 -21.925 25.0352 29.7142
-2.87031 -4.05927 3.4652 -11.7555 0.275145 2.25952 -3.88908 -1.7715 -4.97948 -3.2363
-19.4877 -1.17263 -16.72 8.39448 0.312248 4.43078 -17.9716 -20.9589 -1.52689 -0.662659
27.9231 23.0895 30.5579 13.4806 0.29604 1.83842 26.5201 29.3647 22.6292 23.4092
11.2415 -31.0266 15.2728 -21.9308 0.34985 4.29521 12.8738 9.69165 -31.6388 -30.2285
38.6596 3.06055 30.7559 -2.94821 0.414943 0.650028 37.2992 39.7925 4.61388 1.3343
-31.3489 8.42836 -22.0916 12.0972 0.318085 3.51892 -30.6873 -31.8543 6.98703 9.93167
-3.08194 17.2363 -8.1502 8.7098 0.441147 1.0345 -5.04512 -1.28368 18.2155 15.9797
8.77802 32.9057 5.95302 23.3352 0.226295 1.28377 7.68308 9.84883 33.1844 32.5452
33.9296 -10.3354 24.1992 -12.3679 0.378445 0.205913 33.4286 34.1978 -8.51854 -12.201
-11.5009 -3.02129 -4.31214 -9.84636 0.458537 2.38214 -12.9393 -9.80974 -4.78945 -1.49313
28.7372 11.0786 23.0954 2.85957 0.272451 0.96923 27.5827 29.8219 11.7963 10.2591
-26.6008 0.829738 -33.4458 -6.42898 0.234587 0.814728 -27.4836 -25.7808 1.59929 -0.00644842
-19.1097 -12.4407 -16.3903 -22.0317 0.272688 1.84708 -20.4005 -17.7852 -12.871 -12.1294
4.7099 -11.6542 -1.65908 -19.2826 0.387331 0.875131 3.15272 6.10742 -10.5164 -12.9833
1.20325 -5.23926 3.48181 -14.9171 0.372051 1.80203 -0.570723 3.02992 -5.77502 -4.92728
-18.4931 17.8897 -10.6486 11.7749 0.359553 2.47948 -19.5077 -17.3091 16.4134 19.2339
22.2257 -16.7691 25.8338 -25.9846 0.498538 1.94398 20.0036 24.5979 -17.8601 -16.0613
-0.887048 4.2461 -0.188656 14.191 0.271057 4.64228 0.465054 -2.23059 4.21241 4.40171
29.2319 -4.4025 19.2662 -4.81725 0.248469 0.0415948 29.129 29.2321 -3.16655 -5.64271
31.6203 -9.55935 24.5851 -16.5276 0.485552 0.780614 29.7898 33.1733 -7.98881 -11.4048
-1.24299 -1.9565 2.72625 -11.0505 0.4319 1.98234 -3.14494 0.782746 -2.95546 -1.24115
-2.77775 13.1049 -3.26699 3.18203 0.395643 1.52153 -4.7471 -0.821193 13.0719 12.8783
-24.7824 -27.8399 -28.4869 -18.5757 0.233112 5.09279 -23.7194 -25.879 -27.3661 -28.2297
-19.8158 -7.95056 -14.4799 -16.3678 0.285741 2.13579 -20.982 -18.5768 -8.77025 -7.24557
2.03425 15.3657 -1.15223 5.95997 0.407838 1.24415 0.0719471 3.90797 15.8848 14.5852
19.3653 -15.9872 25.1061 -24.095 0.396796 2.18692 17.8322 21.0494 -17.2328 -14.9549
1.49419 -25.21 8.88848 -18.575 0.396116 3.87293 2.90526 0.277007 -26.5875 -23.6585
25.8415 0.868991 17.105 -3.79343 0.483657 0.490217 24.543 26.7981 2.8905 -1.335
34.3669 -5.96549 25.9717 -0.651859 0.393831 5.7189 35.3045 33.2118 -4.24349 -7.54978
31.0823 3.95737 22.4244 -0.889987 0.431804 0.510396 29.9008 31.9939 5.75107 2.01257
17.2905 4.44802 22.6682 -3.94361 0.282011 2.14071 16.1429 18.5094 3.63404 5.15061
26.2673 -27.5632 17.9524 -22.07 0.28716 5.69936 26.9988 25.4214 -26.3316 -28.7193
-16.7187 -13.2567 -17.2246 -23.1845 0.377752 1.51988 -18.5998 -14.8496 -13.2795 -13.4706
30.8608 -2.10415 21.4259 -5.35666 0.22001 0.331973 30.465 31.1805 -1.07938 -3.15517
-19.7667 -10.7387 -11.7789 -16.7027 0.27426 2.50025 -20.5344 -18.8988 -11.8715 -9.68074
-2.27416 -31.8249 -5.59502 -22.4748 0.432369 5.05366 -0.304712 -4.34739 -30.9608 -32.3967
-7.54398 -6.73226 1.2697 -11.2515 0.478711 2.66779 -8.45673 -6.2933 -8.92849 -4.70929
11.8307 25.296 3.0863 20.5662 0.374694 0.495822 10.8421 12.6143 26.8788 23.6023
-18.8125 15.0403 -16.4544 5.3583 0.289689 1.8097 -20.1984 -17.3936 14.631 15.3141
19.5627 18.0373 11.5598 12.0692 0.200858 0.640773 18.9364 20.1352 18.8209 17.2135
33.5025 -1.74794 23.6016 -1.36617 0.469674 6.24465 33.4095 33.2302 0.584226 -4.06601
-23.4508 -4.43546 -17.7498 -12.6286 0.211147 2.17872 -24.2946 -22.5646 -5.0678 -3.86404
27.4936 6.86632 20.9228 -0.587817 0.389891 0.848297 25.957 28.8633 8.0526 5.4907
-24.7156 9.11915 -16.1824 14.2055 0.398151 3.67911 -23.59 -25.6151 7.48777 10.8853
-1.59342 -10.8339 8.14604 -12.9897 0.244043 2.92376 -1.80809 -1.28198 -12.033 -9.65615
7.43358 12.3237 -0.791132 6.75819 0.407953 0.594904 6.18396 8.45443 13.924 10.5687
10.5188 22.8798 0.794265 20.8642 0.406696 0.204375 9.97453 10.7943 24.8294 20.8745
-19.5462 8.40676 -15.0762 17.274 0.409591 4.24546 -17.6676 -21.2995 7.61563 9.44652
35.0068 -17.5826 25.0706 -18.1256 0.343164 0.0545981 34.8159 35.0023 -15.883 -19.2928
-34.5573 -12.8485 -25.459 -16.9127 0.290842 2.72148 -35.0841 -33.902 -14.2002 -11.5541
3.94971 -23.4159 5.51066 -13.5621 0.236949 4.55528 5.12444 2.7896 -23.5546 -23.1848
20.501 3.77479 23.6011 -5.65422 0.423183 1.88844 18.5523 22.5425 2.97772 4.2896
0.605495 23.6291 -0.089896 13.7095 0.367311 1.50081 -1.22412 2.41944 23.645 23.3896
4.65431 17.4836 0.0145822 8.71728 0.442879 1.08401 2.63701 6.51944 18.3673 16.3125
-15.1178 4.3284 -15.7482 14.2485 0.37936 4.77585 -13.2438 -17.0071 4.56723 4.32809
4.98775 -10.6293 -1.06228 -18.4964 0.42626 0.91523 3.21914 6.5726 -9.45933 -12.0382
-10.278 -16.6511 -3.97251 -24.2833 0.490653 2.26129 -12.0234 -8.27862 -18.3517 -15.2579
24.2446 -12.0718 22.8888 -21.9026 0.428003 1.43375 22.12 26.3276 -11.9322 -12.5125
25.4395 -15.3276 22.2043 -24.7613 0.254659 1.24042 24.2208 26.6232 -14.9667 -15.7906
-19.9591 27.0157 -10.0591 28.2488 0.237597 3.26552 -19.7659 -20.0589 25.8454 28.1976
-20.7963 7.90896 -15.5447 16.3973 0.210726 4.15834 -19.8825 -21.6712 7.38707 8.49372
-7.41467 -27.2738 -2.94661 -18.3493 0.216314 4.24822 -6.43199 -8.36248 -27.7222 -26.7557
-6.49557 -14.3667 3.13315 -11.7324 0.204518 3.40865 -6.1926 -6.73137 -15.3422 -13.3729
-5.93351 -1.56503 0.324685 -9.33308 0.243315 2.24896 -6.84765 -4.95756 -2.36475 -0.842036
-3.55488 -29.2336 -10.1087 -21.7788 0.42169 5.43356 -2.08047 -5.2241 -27.741 -30.5047
-3.22532 32.6843 -8.62997 24.3755 0.460265 0.994091 -5.23321 -1.40894 33.7809 31.2933
17.995 -36.0901 18.4193 -26.1556 0.368193 4.6697 19.8287 16.1709 -36.0558 -35.8995
3.90662 -22.3979 5.6692 -12.5803 0.247202 4.53475 5.12906 2.70214 -22.5657 -22.1299
37.2341 -15.5763 28.2155 -11.4914 0.489214 5.85789 38.0527 36.0544 -13.2884 -17.7005
2.78169 -25.1451 9.63519 -17.9299 0.341853 3.9527 4.08183 1.61529 -26.2462 -23.9033
-5.61259 -22.653 -4.40194 -12.8071 0.438729 4.59004 -3.43328 -7.75294 -22.7601 -22.229
23.8654 13.3207 18.6427 4.85419 0.35426 1.01806 22.311 25.3104 14.1571 12.3069
-0.725657 6.82745 -4.60536 16.0259 0.201145 5.11153 0.186364 -1.66386 7.24868 6.4683
-4.31861 9.01744 -5.46001 18.8534 0.485655 4.82792 -1.95268 -6.72959 9.48869 8.93436
-21.7979 22.6163 -16.5868 14.163 0.409154 2.12323 -23.4543 -19.9956 21.432 23.5641
29.385 18.9596 22.9862 11.3789 0.437943 0.869746 27.6224 30.9423 20.2392 17.4369
-29.5336 -4.87306 -28.3924 -14.7813 0.251099 1.68547 -30.7716 -28.2836 -5.06845 -4.78189
-14.441 -27.9136 -6.17745 -22.4496 0.473916 3.72582 -12.991 -15.5805 -29.7691 -25.8529
26.641 1.66086 17.9748 -3.29374 0.204999 0.519365 26.1028 27.1184 2.53177 0.755222
4.3991 -8.97639 -0.542384 -17.6387 0.256304 1.05238 3.26193 5.48211 -8.3906 -9.65712
-9.97584 -5.00288 -1.31106 -9.81675 0.459661 2.63448 -10.9291 -8.71636 -7.07937 -3.09651
9.35447 -28.56 16.0228 -21.2174 0.442447 3.97508 11.088 7.83926 -29.915 -26.9646
32.9464 -17.7162 23.9775 -21.995 0.388292 0.445139 32.0027 33.6642 -16.0288 -19.5114
-0.153919 3.12319 -0.60591 -6.76676 0.489965 1.52513 -2.58586 2.25987 3.03527 2.81381
-26.2957 -14.4295 -17.9493 -19.8921 0.244379 2.56207 -26.9216 -25.5867 -15.4766 -13.4369
-10.855 23.2068 -5.46544 14.8757 0.431841 2.145 -12.5699 -8.97212 21.9132 24.2407
9.06469 -37.1005 12.3765 -27.7127 0.32959 4.37324 10.6418 7.54767 -37.5611 -36.4696
13.9272 -16.4285 9.62815 -25.3662 0.444497 1.12246 11.8698 15.8426 -15.6207 -17.5316
-27.4569 2.93258 -20.5624 10.148 0.220706 3.94973 -26.6326 -28.2251 2.20108 3.72272
9.61166 -9.0773 4.11215 -17.401 0.237876 0.986935 8.59569 10.5757 -8.46248 -9.77068
-10.9968 -33.5782 -3.97735 -26.546 0.39215 3.9279 -9.52773 -12.2854 -34.8642 -32.1115
7.48965 35.3057 4.77173 25.7671 0.443466 1.29321 5.32994 9.55998 35.7515 34.5462
11.0669 -33.2873 13.3203 -23.6375 0.466962 4.48298 13.3611 8.85499 -33.6374 -32.5851
34.4215 -3.29772 24.653 -1.28754 0.253879 6.08024 34.6241 34.1138 -2.0469 -4.52691
8.27933 29.8517 5.02256 20.4669 0.398939 1.23677 6.36404 10.108 30.3765 29.0773
-13.9077 3.4434 -15.665 13.2612 0.250813 4.8895 -12.6857 -15.1482 3.71529 3.27454
-26.7359 -13.3939 -18.7571 -19.2935 0.430292 2.5049 -27.8817 -25.3432 -15.2018 -11.7686
5.49085 -3.91123 1.33772 -12.9219 0.433795 1.13891 3.47112 7.37993 -3.15217 -4.95378
-28.114 6.96352 -19.5435 12.0793 0.212534 3.67974 -27.5381 -28.6253 6.07204 7.89355
-5.71457 -34.5769 -3.67033 -24.8376 0.341257 4.5055 -4.03289 -7.3565 -34.831 -34.1334
-17.3855 -7.90704 -13.9636 -17.2151 0.446622 1.92309 -19.407 -15.2498 -8.82643 -7.29813
22.6029 -9.70332 14.3651 -4.1389 0.376582 5.68911 23.5531 21.4576 -8.0863 -11.1885
-28.7867 -10.026 -20.5637 -15.6184 0.365456 2.54436 -29.7168 -27.6731 -11.591 -8.58583
6.31762 15.1292 -0.356162 7.75847 0.369637 0.83498 4.87922 7.6037 16.2785 13.8116
1.23357 12.5522 -1.95473 3.09616 0.224007 1.2456 0.161113 2.27934 12.8698 12.1555
-2.41568 1.97375 -0.427126 -7.74439 0.440072 1.77263 -4.52183 -0.245142 1.37885 2.25396
2.31165 -20.0017 4.62684 -10.3686 0.472122 4.47652 4.62881 0.0808268 -20.3686 -19.2755
5.74768 24.9808 3.54179 15.3315 0.495036 1.34605 3.31407 8.09081 25.3289 24.2369
0.384322 0.614553 2.39999 -9.1302 0.343055 1.77477 -1.26736 2.07562 0.173053 0.864539
29.7077 -16.7606 22.8671 -23.961 0.405168 0.811013 28.1552 31.0725 -15.4736 -18.2452
-8.35335 -25.4632 -2.5112 -17.4642 0.477466 4.08158 -6.33232 -10.1516 -26.7054 -23.916
-5.80503 15.8624 -2.40776 6.55416 0.468441 1.92075 -7.92286 -3.5625 14.8958 16.4873
19.2941 -7.77294 25.4783 -15.6071 0.214384 2.23903 18.4781 20.1576 -8.46586 -7.14008
-12.9034 25.3919 -4.46068 20.0761 0.235879 2.57967 -13.4912 -12.2373 24.3715 26.3629
21.5752 -33.7332 12.7441 -38.2881 0.390573 0.476185 20.5732 22.3522 -32.0667 -35.5159
11.3252 -2.44473 2.63356 -7.18749 0.487007 0.49951 9.99789 12.3077 -0.422388 -4.6553
0.119061 36.0347 2.48573 26.3886 0.403769 1.81139 -1.7961 2.0987 35.4255 36.3811
2.7397 -33.3901 9.56728 -26.1727 0.394935 3.95474 4.25388 1.40347 -34.6443 -31.9479
11.0247 -28.0576 14.6094 -18.7828 0.368754 4.34357 12.7755 9.35534 -28.6132 -27.2913
-22.8897 26.3352 -13.0658 27.8923 0.358475 3.29879 -22.5052 -23.0634 24.5911 28.1127
34.9352 7.49831 25.5162 4.30969 0.366861 0.326423 34.2444 35.4142 9.19018 5.73475
-8.24252 -5.9224 0.434467 -10.7362 0.430766 2.63509 -9.14475 -7.07111 -7.86594 -4.12819
11.7293 -26.1632 15.2258 -16.8915 0.467787 4.35177 13.9619 9.62473 -26.8113 -25.1757
10.9561 8.32818 2.84083 2.66167 0.496037 0.609555 9.38358 12.1944 10.2242 6.19879
-25.4619 8.4286 -17.0026 13.6239 0.418265 3.69235 -24.2517 -26.4247 6.73545 10.2737
-7.67253 29.7077 -3.05178 20.8856 0.31402 2.05328 -9.01966 -6.24934 28.9096 30.3606
-3.16951 -31.0355 -5.91787 -21.5211 0.482343 4.9936 -0.928415 -5.5176 -30.1875 -31.5131
4.84801 8.18751 10.8637 16.1516 0.214889 4.06547 5.72688 4.01547 7.57183 8.86454
-13.1229 -15.1239 -6.03396 -22.0759 0.41355 2.36595 -14.4591 -11.5841 -16.6891 -13.7575
-13.9584 11.4656 -14.0077 1.54354 0.432786 1.56583 -16.1063 -11.8121 11.3209 11.2996
-10.794 -37.7666 -4.97287 -29.6859 0.3136 4.08811 -9.4792 -12.0133 -38.613 -36.7875
-13.4104 -32.5416 -5.79584 -26.1217 0.31105 3.84207 -12.3505 -14.3474 -33.674 -31.3055
-4.38355 -36.7308 -4.2658 -26.8279 0.48178 4.7005 -1.99576 -6.76677 -36.5668 -36.5101
14.0789 -8.70145 8.49488 -16.9339 0.35473 0.974786 12.5601 15.4804 -7.79754 -9.77838
22.0837 -23.197 13.9901 -28.9797 0.356523 0.620374 20.9669 23.0286 -21.8156 -24.7012
-14.1259 -33.2575 -6.56905 -26.8388 0.452446 3.84573 -12.5445 -15.4486 -34.8571 -31.4381
20.3342 23.574 21.1694 13.6988 0.464283 1.65516 18.0568 22.6417 23.2021 23.5898
24.8587 6.27972 19.5346 -2.06493 0.494366 1.00288 22.6872 26.8125 7.42512 4.79303
13.1769 -18.2303 8.83656 -27.1656 0.39935 1.11861 11.3349 14.9032 -17.4827 -19.216
31.3954 -21.695 35.2319 -12.5649 0.482411 4.31459 33.6723 29.2679 -22.4426 -20.5919
8.50373 16.5401 -1.29235 18.2593 0.361001 6.10946 8.70742 8.08679 18.327 14.7906
-24.2772 13.9544 -18.782 5.65555 0.334964 2.15568 -25.6156 -22.8358 12.9563 14.797
4.9112 -25.5556 10.3812 -17.2676 0.409144 4.12903 6.68322 3.29222 -26.5587 -24.3207
26.8896 -17.3231 32.1074 -8.84546 0.329929 4.16066 28.3355 25.5385 -18.1068 -16.3853
9.95766 -3.13401 3.66323 -10.8484 0.323398 0.886414 8.6553 11.1501 -2.18356 -4.21917
27.3583 14.1493 23.4089 5.06356 0.472974 1.16075 25.1358 29.4331 14.9133 13.0453
-35.0158 11.8035 -25.1135 12.0044 0.479843 3.16188 -34.7769 -34.8733 9.43156 14.1831
4.30815 -12.624 -2.26344 -20.0723 0.401814 0.847844 2.7231 5.71589 -11.4042 -14.0448
-13.6635 -13.3776 -4.81989 -17.9412 0.340653 2.6652 -14.3552 -12.8006 -14.9281 -11.9155
34.8292 2.24553 25.1093 4.40242 0.323941 6.06482 35.0934 34.3947 3.83876 0.690092
-25.608 15.4484 -19.9408 7.30632 0.438016 2.17886 -27.3003 -23.7339 14.0767 16.559
26.814 -18.7932 32.898 -10.9347 0.38499 4.05359 28.4021 25.3766 -19.867 -17.5248
9.10964 -3.75029 3.02378 -11.5905 0.424573 0.910714 7.35357 10.6823 -2.57648 -5.16037
20.5579 -8.18017 27.8387 -14.95 0.373572 2.39255 19.3782 21.9073 -9.61905 -6.89911
17.6234 12.2991 27.4656 10.843 0.348898 2.99472 17.4694 17.9774 10.5673 14.0012
21.3665 -3.78433 29.7657 -9.13114 0.322854 2.5747 20.5765 22.3027 -5.18671 -2.47501
20.2477 -3.70617 28.7752 -8.81598 0.375867 2.60175 19.3881 21.3087 -5.36908 -2.16387
-11.8935 6.5199 -7.91196 15.6508 0.30528 4.30119 -10.4688 -13.2563 5.98317 7.19867
33.1391 13.1549 28.0035 4.62111 0.310616 1.02906 31.7724 34.4231 13.8837 12.2885
20.3066 -26.4299 11.0862 -30.0588 0.46838 0.374958 19.2876 20.9873 -24.3371 -28.6558
0.136416 20.6927 -0.390104 10.7788 0.416629 1.51774 -1.93642 2.19398 20.6585 20.4392
-19.2213 -0.214488 -16.4805 9.35941 0.315848 4.43357 -17.6866 -20.7104 -0.567603 0.298075
14.0108 27.3954 4.75231 30.9245 0.469843 5.91901 14.6689 13.0107 29.6355 25.2855
-10.106 1.71379 -9.49901 11.6349 0.38097 4.65129 -8.20879 -11.9884 1.71846 1.94969
-16.4782 -18.1756 -6.53224 -18.0728 0.358796 3.15192 -16.3528 -16.3897 -19.9588 -16.3902
14.8141 30.6024 15.4704 20.6678 0.32419 1.63677 13.2095 16.4302 30.4088 30.6216
-3.03622 25.4467 -8.48116 17.1108 0.322985 0.992178 -4.42981 -1.73746 26.2534 24.4948
23.5179 0.448202 16.2419 -6.35279 0.311565 0.751668 22.3995 24.5184 1.52657 -0.740378
32.1435 -13.2855 26.5973 -21.5598 0.30527 0.980286 30.8374 33.3634 -12.5033 -14.1964
13.2139 -21.5845 21.3091 -15.8337 0.410353 3.75926 14.5077 12.1478 -23.1646 -19.8427
14.048 -17.6079 9.23809 -26.2685 0.474113 1.06383 11.9045 16.0106 -16.6305 -18.9109
13.8072 -0.236365 7.132 7.13792 0.357723 5.44807 15.0548 12.4169 1.03638 -1.35149
-6.28602 29.2107 -2.61177 19.9952 0.436161 1.95019 -8.2373 -4.21788 28.2629 29.8654
-4.27828 -17.7392 5.63045 -16.9604 0.382079 3.22003 -4.00865 -4.30622 -19.6227 -15.8368
14.1807 -7.59947 9.06696 -16.1226 0.381248 1.03039 12.4939 15.7433 -6.72816 -8.67776
14.6466 -3.78478 6.03726 -8.70027 0.455484 0.518784 13.3778 15.6167 -1.90935 -5.83077
17.3115 19.4924 21.9833 10.7092 0.352357 2.05964 15.8126 18.9074 18.5782 20.2244
36.0525 10.1144 26.9999 5.99227 0.357419 0.427295 35.2192 36.6926 11.6881 8.4526
20.7421 -1.11523 19.2071 -10.9423 0.359648 1.41585 18.9584 22.4926 -0.945355 -1.49742
12.8439 7.25501 4.02359 2.67696 0.387279 0.47876 11.8469 13.6199 8.90561 5.48969
19.1762 -35.0594 18.3645 -25.152 0.377924 4.79413 21.0386 17.2944 -34.7878 -35.0946
-20.3647 16.7983 -11.1477 13.019 0.303302 2.75247 -20.8671 -19.7208 15.3715 18.167
-8.66121 -17.0936 -4.47658 -26.077 0.464789 2.00673 -10.6733 -6.49791 -18.2284 -16.2834
26.3851 -8.84535 17.0821 -5.29064 0.313684 5.9182 26.8662 25.7512 -7.35704 -10.2753
-25.2815 -14.7751 -17.147 -20.491 0.373564 2.52907 -26.2543 -24.119 -16.3611 -13.3223
16.8526 15.5907 22.9555 7.72648 0.330835 2.23076 15.6075 18.2092 14.5093 16.5283
19.1465 -0.0130744 19.2649 -9.96517 0.336822 1.58269 17.4716 20.8237 -0.127284 -0.087398
-28.714 -11.9664 -19.7244 -16.1551 0.44549 2.70556 -29.4978 -27.6318 -14.0383 -10.0335
-16.597 -35.2581 -9.08564 -28.7284 0.336879 3.8572 -15.4259 -17.6257 -36.4615 -33.9311
17.3345 14.685 23.5662 6.9286 0.348048 2.24762 16.0478 18.7474 13.5221 15.691
24.5367 -8.051 15.2305 -4.59978 0.42326 5.92806 25.1277 23.667 -6.02985 -9.96879
-27.0016 19.1498 -19.2691 12.9404 0.446766 2.46501 -28.2596 -25.4854 17.3189 20.7735
6.6733 29.1887 5.18922 19.3559 0.366153 1.421 4.85652 8.45685 29.3503 28.8069
-27.9219 -20.0286 -21.2975 -27.4282 0.405815 2.30097 -29.3321 -26.3293 -21.4746 -18.7864
-10.9646 21.9398 -4.84529 14.0944 0.347592 2.23321 -12.2664 -9.53934 20.7972 22.9242
-15.0071 21.7397 -5.60728 18.5504 0.421595 2.81449 -15.5397 -14.1951 19.7109 23.6738
23.3371 27.4032 21.1851 17.7164 0.43021 1.35219 21.2201 25.3875 27.7163 26.7905
-6.60842 -23.51 -4.5767 -13.7772 0.371557 4.50659 -4.77685 -8.39313 -23.7752 -23.0203
8.50995 -35.6957 11.8319 -26.3468 0.434338 4.37097 10.5926 6.53205 -36.2697 -34.8269
-12.7016 -28.5392 -5.31851 -21.9136 0.438339 3.87297 -11.1309 -14.0352 -30.051 -26.8146
6.5191 25.8815 3.81091 16.2951 0.303488 1.29547 5.04359 7.95298 26.2188 25.3969
12.6588 -19.0845 8.43697 -28.0665 0.425609 1.1314 10.6835 14.5063 -18.3221 -20.1189
-13.4995 -21.7002 -3.56964 -20.9693 0.322496 3.21507 -13.2954 -13.5311 -23.295 -20.0927
-30.0417 -0.822566 -29.6959 -10.7388 0.432457 1.60566 -32.1805 -27.8921 -1.05237 -0.902814
37.589 10.6866 27.6441 10.265 0.333177 0.0423764 37.4266 37.5671 12.3394 9.02604
-36.7423 1.78223 -44.1537 8.39604 0.400348 5.5546 -35.5176 -38.1654 3.35438 0.387235
-12.7218 -26.9075 -4.504 -21.3321 0.408585 3.73771 -11.4681 -13.7461 -28.5085 -25.1508
-21.8876 -15.3675 -12.806 -19.4026 0.387164 2.72347 -22.555 -20.9927 -17.176 -13.66
13.6137 13.1245 18.7804 4.60435 0.292821 2.11592 12.4032 14.8981 12.307 13.82
-21.7115 3.84623 -17.2285 12.7423 0.302799 4.2456 -20.3303 -23.0241 3.23558 4.59304
9.00488 -33.7464 12.7098 -24.5003 0.307065 4.33128 10.4536 7.61446 -34.2425 -33.1048
-21.4043 -7.92802 -14.9536 -15.4945 0.370323 2.27676 -22.7314 -19.9294 -9.2091 -6.82028
39.7266 -6.17269 29.7726 -6.49733 0.312906 0.0326022 39.5944 39.696 -4.61801 -7.73267
-12.8583 2.70596 -15.636 12.2737 0.299172 4.99494 -11.4478 -14.3102 3.19294 2.36193
-32.1664 1.1223 -36.202 -7.95857 0.388489 1.1526 -33.9812 -30.4534 1.79171 0.223901
6.35602 34.5574 4.56809 24.7814 0.385719 1.38991 4.4484 8.21918 34.7807 34.0911
11.4815 23.2284 1.75929 21.0942 0.333486 0.216081 11.0354 11.7471 24.8297 21.5874
-36.0577 -3.18509 -30.8794 5.28096 0.427202 4.16345 -34.1703 -37.787 -4.16202 -1.94986
11.1353 -32.2126 14.0575 -22.7061 0.361831 4.41417 12.8872 9.44739 -32.6374 -31.58
-31.5427 -21.8438 -21.8631 -19.5771 0.375121 3.37161 -31.0038 -31.8541 -23.6327 -20.0016
-1.75496 -17.905 -5.50872 -8.68222 0.319894 5.09892 -0.311872 -3.26218 -17.2258 -18.4266
-30.1316 -6.90023 -22.8402 -13.6804 0.322722 2.39251 -31.1623 -28.9742 -8.13574 -5.78263
-11.5385 10.224 -13.4309 0.458709 0.357008 1.37938 -13.3018 -9.81552 10.4579 9.78228
12.5111 -25.4175 15.5096 -15.9425 0.385711 4.40589 14.3756 10.721 -25.878 -24.7214
-10.7219 26.4649 -3.67763 19.4734 0.425321 2.35995 -12.1022 -9.12853 24.8612 27.8572
-27.9038 0.519449 -35.1623 -6.25915 0.405782 0.751223 -29.379 -26.6284 1.89887 -1.04651
21.4146 -13.9913 22.0995 -23.9173 0.348366 1.63968 19.6926 23.1505 -14.2112 -13.9726
20.7482 22.6182 21.1966 12.6936 0.396085 1.61595 18.7886 22.7196 22.3993 22.5769
16.3839 28.0919 6.78968 30.7504 0.326054 6.01287 16.7322 15.8654 29.6796 26.5513
-26.6114 16.0022 -20.5519 8.10285 0.326105 2.22514 -27.8456 -25.2696 14.9441 16.9201
13.5639 -3.83769 5.1986 -9.2082 0.37705 0.570729 12.4521 14.4771 -2.3244 -5.47854
14.4884 32.6183 9.30086 24.1256 0.340504 1.02246 12.9923 15.8841 33.4193 31.6529
1.09935 -6.25915 3.8246 -15.8425 0.296775 1.84785 -0.302674 2.54143 -6.73398 -5.9252
4.60041 12.6475 -2.29333 5.49951 0.408565 0.803499 3.04404 5.96444 13.956 11.1395
5.15699 -4.8049 0.897637 -13.8052 0.320451 1.12878 3.67841 6.56255 -4.19959 -5.5645
-24.638 -15.593 -16.3408 -21.0875 0.341171 2.55669 -25.4947 -23.6201 -17.0618 -14.231
-37.4825 -4.58876 -28.589 -0.137072 0.362175 3.60568 -36.5789 -38.1912 -6.15049 -2.92949
-21.6765 -27.9046 -11.731 -27.2529 0.282086 3.20702 -21.5186 -21.7024 -29.303 -26.4975
7.63158 -10.3064 0.767201 -17.5323 0.283263 0.811049 6.5622 8.60903 -9.38255 -11.327
9.9815 5.57282 2.30801 -0.750753 0.369092 0.689253 8.7272 11.0612 6.91698 4.08476
-14.6965 9.322 -15.2128 19.2714 0.298926 4.76423 -13.2133 -16.1874 9.47337 9.31903
-17.9693 14.1991 -16.1854 4.39861 0.30393 1.75085 -19.4449 -16.4662 13.8525 14.3947
-24.287 10.3522 -15.3425 14.7402 0.298538 3.59768 -23.5655 -24.8755 9.04972 11.72
24.5141 7.69175 19.9576 -1.16016 0.325837 1.09542 23.0316 25.9159 8.35564 6.87094
-13.9993 12.4865 -14.0631 2.529 0.318836 1.56439 -15.5873 -12.4125 12.4122 12.3918
23.7334 -23.5401 14.1017 -25.978 0.39395 0.247899 23.1283 24.0887 -21.6745 -25.4689
17.399 25.0275 20.8477 15.6744 0.274294 1.92405 16.1379 18.7034 24.4958 25.4418
11.0298 29.5662 5.13876 21.5549 0.36641 0.936745 9.49603 12.4315 30.5557 28.3971
-8.76663 -2.08308 -3.826 -10.7077 0.381342 2.09102 -10.3511 -7.06215 -3.12989 -1.24582
-19.6528 21.5189 -15.6148 12.4254 0.347668 1.98869 -21.1928 -18.0312 20.7251 22.129
13.6404 -9.59163 7.87692 -17.7157 0.306524 0.953767 12.3501 14.8404 -8.77201 -10.5387
30.1551 1.21906 20.7145 -1.98375 0.272346 0.327074 29.6605 30.5328 2.4848 -0.0863132
5.06544 18.414 0.46988 9.60148 0.383673 1.09011 3.31836 6.69948 19.1872 17.424
32.0696 12.5845 27.4807 3.76521 0.374269 1.09102 30.3655 33.6663 13.3401 11.6226
33.0942 18.3128 42.9149 16.7553 0.368522 2.98431 32.9186 33.4925 16.4856 20.1047
-7.54683 -18.7005 0.451237 -24.6056 0.374157 2.50561 -8.55802 -6.34859 -20.2659 -17.2733
27.3525 -9.06877 18.0104 -5.64548 0.348039 5.93194 27.8537 26.6623 -7.40843 -10.6599
16.73 17.9968 22.5116 9.88107 0.29191 2.18979 15.5865 17.9556 17.0952 18.7829
-11.5112 20.1151 -4.20008 13.3634 0.34028 2.39595 -12.5892 -10.2918 18.806 21.2938
-3.88131 -20.5331 -5.48707 -10.7274 0.391079 4.8747 -1.98441 -5.81925 -20.0939 -20.7218
14.9603 -15.0834 7.33642 -21.4821 0.335379 0.698246 13.8157 15.9617 -13.8651 -16.422
0.434141 -16.4464 4.4197 -7.31323 0.290488 4.30092 1.78874 -0.864327 -16.9609 -15.8032
-5.84196 -12.2152 4.08831 -11.4426 0.308964 3.21924 -5.64349 -5.88218 -13.7431 -10.675
23.8499 28.346 21.4303 18.6958 0.350396 1.32513 22.1344 25.5158 28.671 27.8231
25.1366 17.4185 21.2516 8.23765 0.273074 1.17049 23.8589 26.3659 17.8918 16.8309
39.2885 0.424218 35.173 -8.6351 0.345722 1.14439 37.6814 40.8134 1.0452 -0.37759
-11.3147 29.2077 -3.1525 23.4839 0.272352 2.53003 -12.0436 -10.4848 28.0608 30.2838
-26.0296 -3.29339 -28.9582 -12.8028 0.346085 1.27204 -27.7044 -24.4133 -2.88171 -3.89528
-9.974 -26.792 -3.77886 -19.0069 0.349458 4.04023 -8.55056 -11.2711 -27.795 -25.6301
8.38649 31.969 5.65847 22.3821 0.279507 1.29357 7.02891 9.70851 32.2877 31.5252
-31.6465 -11.1858 -26.8896 -19.94 0.297778 2.06855 -32.9147 -30.3079 -11.9588 -10.5423
-22.0818 2.94855 -17.6869 11.8679 0.369199 4.25457 -20.3852 -23.6783 2.23881 3.86138
-12.0651 33.2035 -4.60594 26.6012 0.304658 2.41705 -13.013 -11.0016 32.0161 34.2886
-20.8835 -25.7429 -11.5001 -22.4098 0.31832 3.4829 -20.2736 -21.3346 -27.2081 -24.2212
-7.61259 -9.62443 2.09104 -11.8952 0.286676 2.91171 -7.87154 -7.22055 -11.0309 -8.2491
25.0644 -27.5071 17.1397 -21.489 0.344086 5.63369 26.0214 23.9507 -26.0842 -28.811
-4.32087 24.0214 -2.86697 14.1646 0.296556 1.71724 -5.77173 -2.84866 23.7335 24.1646
41.815 -0.822821 31.8655 -1.38761 0.287486 0.0567043 41.6652 41.8276 0.603467 -2.2569
22.8952 -28.1359 12.9629 -28.9147 0.298854 0.0782555 22.7048 22.9376 -26.6575 -29.6258
-23.9847 15.3166 -19.4942 6.41428 0.26528 2.03797 -25.1391 -22.7775 14.6687 15.8599
22.9069 -0.507481 15.144 -6.72962 0.351115 0.675671 21.7346 23.9193 0.791291 -1.93436
-18.8009 20.8022 -15.19 11.5247 0.327271 1.94197 -20.2868 -17.2505 20.1284 21.3101
25.9915 18.4991 24.1654 8.69701 0.265136 1.38661 24.6813 27.2802 18.6837 18.1995
-4.60866 4.79988 -5.74441 14.6912 0.324121 4.82671 -3.01563 -6.22161 5.07068 4.70256
-29.0617 18.1145 -20.6422 12.7852 0.292457 2.57727 -29.7809 -28.2223 16.8453 19.3077
-17.5964 -19.4166 -7.64721 -19.4635 0.348974 3.13688 -17.5034 -17.4871 -21.1531 -17.6811
-21.0695 21.9305 -16.1004 13.2931 0.290775 2.09285 -22.2902 -19.7787 21.1471 22.592
25.444 -0.520094 16.2362 -4.28192 0.358235 0.387853 24.6715 26.0192 1.08887 -2.20969
32.5303 -0.736314 22.6105 -1.43466 0.365769 0.0702837 32.2918 32.5472 1.07006 -2.5583
-11.2844 -0.207821 -5.65128 -8.40822 0.350737 2.1727 -12.6647 -9.78848 -1.27994 0.695819
4.92783 -21.5251 5.9159 -11.6232 0.342985 4.61293 6.63564 3.23944 -21.5973 -21.2584
2.08193 -15.9819 4.68156 -6.36508 0.302246 4.44838 3.55507 0.648435 -16.3014 -15.5157
-27.92 -25.9052 -24.7512 -16.4798 0.367381 4.38806 -26.1529 -29.6156 -26.381 -25.2169
24.1054 9.36678 18.0453 1.4477 0.260561 0.917612 23.0393 25.1027 10.1114 8.53243
-17.3854 -3.7372 -15.147 -13.4241 0.372935 1.79789 -19.1657 -15.5531 -4.26713 -3.43234
16.4787 -5.4572 6.96698 -8.353 0.370844 0.295529 15.8325 16.9064 -3.72677 -7.25416
-15.9781 28.1002 -7.74137 22.5096 0.329553 2.54528 -16.8246 -14.9822 26.6923 29.4067
-33.755 14.7624 -23.9509 12.9435 0.262298 2.95816 -33.9373 -33.4602 13.4661 16.0377
-31.7538 5.23093 -34.8169 -4.24223 0.324839 1.25806 -33.3194 -30.2421 5.645 4.64997
1.03189 21.6391 -0.200606 11.7501 0.287726 1.4468 -0.399288 2.44604 21.7481 21.3935
-16.0894 -11.2828 -17.0884 -21.2012 0.274698 1.47041 -17.458 -14.7334 -11.2081 -11.4825
-9.93598 18.8494 -2.9074 11.809 0.35272 2.35536 -11.1046 -8.62133 17.5367 20.0158
-31.5995 -7.07799 -23.6516 -13.0977 0.267171 2.49337 -32.3563 -30.748 -8.17556 -6.05211
31.833 -17.6822 23.1161 -22.5004 0.310291 0.504953 31.0154 32.5104 -16.3685 -19.0733
-34.5879 2.93354 -25.6214 -1.41575 0.28723 2.68997 -35.1508 -33.9016 1.61587 4.19132
1.15223 -38.4597 -3.68337 -29.7455 0.286334 5.219 2.36672 -0.128427 -37.7077 -39.0923
4.89675 -14.658 -1.8227 -22.0234 0.268776 0.831224 3.86643 5.84606 -13.7994 -15.6054
-34.6537 8.28821 -38.2589 -0.994827 0.315657 1.20036 -36.1488 -33.2186 8.78001 7.64199
-9.87371 -15.053 -4.5216 -23.4539 0.306445 2.13804 -11.119 -8.54456 -15.9389 -14.2988
-27.3307 -24.439 -23.7984 -15.1226 0.296017 4.34999 -25.9259 -28.6837 -24.8937 -23.8481
38.6629 -10.8179 29.0229 -8.31585 0.312206 6.02924 38.975 38.1939 -9.2927 -12.3024
31.4799 0.00392046 21.6435 -1.6174 0.27258 0.16336 31.1979 31.6399 1.33447 -1.34672
-33.0178 -3.64991 -23.3095 -5.82518 0.3498 2.92117 -33.2991 -32.5382 -5.37013 -1.97414
13.9059 12.1296 19.3659 3.80103 0.31497 2.15107 12.6395 15.2628 11.2008 12.9205
10.7897 6.82267 1.92887 2.28322 0.325311 0.473442 9.97307 11.4498 8.22383 5.34129
37.2223 -7.95174 27.572 -5.45064 0.272578 6.02959 37.5033 36.8216 -6.62102 -9.25146
7.91612 -28.5912 15.275 -21.8705 0.285944 3.8817 8.9272 7.00546 -29.5974 -27.4932
24.1136 11.9596 18.1022 4.03239 0.350881 0.921992 22.6611 25.4426 12.9328 10.8235
-10.593 31.4261 -4.66536 23.4058 0.254247 2.20727 -11.5806 -9.54144 30.6293 32.1364
-3.10037 19.5477 -7.3467 10.5286 0.27408 1.13077 -4.36296 -1.891 20.0731 18.9093
-9.02175 -29.2838 -1.62291 -22.6218 0.324764 3.87463 -7.87483 -10.0384 -30.4265 -28.0237
-10.7441 7.1204 -7.59709 16.5663 0.323863 4.3908 -9.18692 -12.2461 6.69351 7.7127
31.1493 7.08939 21.3229 5.46136 0.308833 0.164189 30.8196 31.3224 8.59379 5.55908
28.3577 -11.8568 26.6198 -21.6626 0.315312 1.39538 26.7974 29.8893 -11.6641 -12.2121
24.9393 -22.3773 14.9876 -22.6861 0.323603 0.0310245 24.8023 24.9022 -20.7698 -23.9902
2.5352 -19.0978 4.88251 -9.41746 0.306444 4.4745 4.03684 1.07035 -19.3816 -18.6623
8.19853 -9.4691 1.59668 -16.9264 0.311203 0.846169 6.98479 9.30553 -8.50213 -10.5566
-7.52254 33.8978 -10.2207 24.3038 0.2851 1.29665 -8.90847 -6.17322 34.2173 33.4481
5.22135 33.7167 4.47672 23.7845 0.309422 1.49597 3.67876 6.75203 33.7526 33.5222
0.616108 -36.8973 0.307897 -26.9329 0.271941 4.74331 1.96908 -0.740665 -36.7939 -36.8777
4.09899 11.7991 -3.03067 4.8447 0.311036 0.772958 2.95988 5.12296 12.8518 10.6342
20.6941 -9.83826 26.8133 -17.6929 0.321916 2.23263 19.4828 22.0113 -10.8911 -8.92128
35.5318 -6.02691 26.8283 -1.15837 0.256503 5.77317 36.1084 34.8596 -4.88396 -7.11642
-22.223 -7.3107 -15.5763 -14.7261 0.316832 2.30159 -23.3421 -20.9926 -8.42578 -6.31989
-7.13976 12.2896 -3.21562 3.12538 0.272521 1.97537 -8.36417 -5.86671 11.6981 12.7676
-20.386 -14.7071 -12.1622 -20.3378 0.282607 2.54122 -21.1268 -19.5355 -15.9067 -13.5826
21.2224 24.6734 21.1488 14.6996 0.249383 1.56342 19.9783 22.4656 24.6308 24.6125
2.66788 4.91962 8.67862 12.8702 0.281711 4.06505 3.82756 1.5878 4.12562 5.81891
31.5655 10.5742 26.497 2.00625 0.329126 1.0366 30.1097 32.9297 11.3308 9.66265
25.7377 19.6208 23.8142 9.843 0.289328 1.37656 24.3097 27.1387 19.8307 19.2742
-9.06015 7.71305 -7.61864 17.5668 0.315135 4.56713 -7.49556 -10.6008 7.5676 8.02186
-31.9695 12.3594 -22.0145 11.9092 0.289204 3.0964 -31.9652 -31.835 10.9167 13.7958
9.80806 19.7227 -0.149337 19.9968 0.305443 6.25567 9.77238 9.68867 21.2455 18.2041
0.225691 22.6813 -0.127221 12.7273 0.309118 1.53536 -1.3156 1.76135 22.6564 22.5473
-23.4992 -1.36088 -19.0289 7.55422 0.254077 4.24759 -22.3426 -24.6077 -1.88078 -0.744961
7.10682 -3.55575 2.25396 -12.2621 0.279568 1.06229 5.85816 8.29217 -2.93417 -4.29088
-6.97713 -38.0574 -8.2714 -28.1855 0.323973 4.84275 -5.38936 -8.58757 -37.7612 -38.1805
39.9226 3.0763 31.5949 -2.40023 0.281169 0.581719 39.0977 40.6375 4.21092 1.86943
21.7292 -19.5084 14.3229 -26.1806 0.274898 0.733303 20.7654 22.5995 -18.5325 -20.5685
25.407 -8.62101 16.148 -4.95987 0.322834 5.90664 25.9175 24.7355 -7.09459 -10.0837
-37.0571 5.88069 -31.6559 -2.49155 0.297015 2.14374 -38.2606 -35.774 5.01694 6.62117
-17.9001 5.58541 -15.1507 15.1726 0.251879 4.43311 -16.6781 -19.0929 5.2899 5.9824
-20.1036 -2.25063 -25.2734 -10.7668 0.299845 1.0252 -21.4191 -18.8656 -1.53945 -3.0896
11.6471 18.9319 18.6795 11.8632 0.263802 2.35362 10.7555 12.6203 17.9633 19.8184
24.971 24.5065 19.2058 16.3832 0.305139 0.953583 23.6868 26.1656 25.323 23.5638
-16.7775 -1.99443 -21.6434 6.70472 0.279161 5.22239 -15.5949 -18.0233 -1.25867 -2.61704
12.7114 -22.6002 20.5726 -16.4839 0.30902 3.8028 13.7191 11.8291 -23.7661 -21.3369
-17.0322 -33.0194 -9.03626 -27.0663 0.274408 3.78157 -16.1652 -17.7987 -34.079 -31.8849
3.89441 30.0468 6.9476 20.5655 0.306652 1.88233 2.46462 5.37211 29.5043 30.4406
23.1073 16.011 20.5055 6.38834 0.27654 1.30673 21.7602 24.4212 16.3093 15.5898
30.9316 21.6556 24.8084 13.7939 0.290341 0.909073 29.7472 32.0298 22.4892 20.7114
-33.2257 -16.595 -23.3106 -15.5687 0.277198 3.24474 -33.0198 -33.3044 -17.9627 -15.2143
-29.6315 7.2947 -21.3738 12.8844 0.260744 3.73665 -28.8559 -30.3134 6.24983 8.40298
-19.0495 19.6096 -14.9082 10.5478 0.297064 1.99947 -20.365 -17.6731 18.9277 20.1579
-4.90272 -29.0858 -10.7229 -20.9882 0.258369 5.33559 -3.88905 -5.98122 -28.2888 -29.7925
15.8605 1.68222 6.30121 -1.14023 0.280366 0.2871 15.4022 16.1935 3.00376 0.323656
23.6273 10.8809 18.5527 2.29474 0.251362 1.037 22.5215 24.6797 11.4734 10.1979
2.73282 -28.3361 11.2177 -23.0974 0.260251 3.69472 3.46245 2.09908 -29.4106 -27.2024
-6.51817 -33.1978 -2.04791 -24.2784 0.235598 4.24779 -5.44678 -7.54817 -33.6831 -32.6299
27.7649 -24.9549 18.0166 -27.0689 0.245425 0.213551 27.4565 27.9753 -23.7693 -26.1618
4.29863 15.4453 -0.964386 6.98445 0.293361 1.01432 3.01979 5.50187 16.1565 14.6125
7.29369 -24.6481 11.2268 -15.4918 0.288836 4.30666 8.6434 5.99874 -25.1524 -24.0163
-21.4569 1.57924 -18.0772 10.9571 0.275899 4.36648 -20.1417 -22.7291 1.17257 2.10504
-16.2167 15.5135 -23.2862 8.48346 0.268869 0.782596 -17.2044 -15.3143 16.4214 14.5207
21.3227 -20.5468 13.6506 -26.9134 0.269969 0.692672 20.4166 22.1354 -19.5499 -21.6211
-16.3082 -6.50877 -14.3244 -16.2758 0.283881 1.77119 -17.6812 -14.9085 -6.85604 -6.29286
12.5811 18.4665 19.4775 11.256 0.232319 2.33393 11.7746 13.4498 17.633 19.2351
23.7599 -30.3472 17.2831 -22.7672 0.267321 5.41947 24.7345 22.7082 -29.4363 -31.1677
0.270561 -2.39803 2.9074 -12.0173 0.249408 1.83835 -0.915316 1.4838 -2.77677 -2.11912
14.5412 -13.2265 7.91477 -20.6791 0.257087 0.844013 13.5467 15.4626 -12.4158 -14.1194
-31.9997 -10.2387 -27.3186 -19.0419 0.266334 2.05952 -33.1443 -30.7997 -10.9141 -9.6674
6.17599 19.7223 -2.02845 14.0675 0.292372 0.603466 5.29081 6.94412 20.8814 18.4826
-25.8907 -23.5414 -18.8372 -16.4944 0.265581 3.92653 -24.9134 -26.785 -24.4366 -22.5633
-32.2556 6.42273 -34.6333 -3.26386 0.249246 1.33009 -33.475 -31.0607 6.66884 6.07621
29.3004 24.3792 30.3777 14.4631 0.247385 1.67901 28.0794 30.5325 24.1954 24.4619
-7.16916 36.0469 0.360411 29.5065 0.252181 2.42638 -7.95389 -6.30453 35.0628 36.9616
20.3629 6.55142 24.8022 -2.37331 0.277765 2.03238 19.152 21.631 5.87741 7.11051
26.1614 12.7298 17.064 8.63572 0.238907 0.422879 25.629 26.6072 13.7971 11.6236
19.5911 26.5876 20.8262 16.6969 0.278943 1.69503 18.2196 20.9786 26.3512 26.6957
33.704 -16.4216 24.2769 -19.6658 0.269653 0.331439 33.2094 34.0843 -15.1703 -17.7123
31.7377 9.0233 24.5643 2.09938 0.268887 0.7677 30.7636 32.6253 9.94596 8.01711
20.4604 -24.3142 12.3632 -30.1343 0.260218 0.623222 19.6574 21.1719 -23.2936 -25.4006
-15.596 -12.339 -17.1303 -22.1961 0.241102 1.41638 -16.7917 -14.4152 -12.2018 -12.5717
-3.30378 14.2208 -4.02373 4.28086 0.2859 1.49849 -4.72961 -1.88778 14.2559 14.0501
-3.04507 7.12156 -5.25546 16.8479 0.248437 4.93585 -1.84826 -4.26464 7.44621 6.89707
-15.4239 27.0156 -7.21813 21.3484 0.256772 2.53718 -16.1064 -14.6512 25.9309 28.0379
0.387998 18.7557 -0.627938 8.83614 0.261688 1.46874 -0.915727 1.68011 18.832 18.5661
-4.39357 3.79838 -5.66251 13.6894 0.258983 4.83998 -3.11987 -5.68148 4.01804 3.68941
-16.7899 -8.69296 -13.6026 -18.1383 0.274526 1.89624 -18.0663 -15.4733 -9.18985 -8.31486
4.12031 -28.4503 13.208 -24.346 0.261424 3.5658 4.70861 3.63564 -29.6148 -27.239
-2.32647 33.3533 -8.05381 25.1914 0.26419 0.958922 -3.43797 -1.28166 34.0624 32.5493
36.295 6.5237 26.5791 4.28147 0.26272 0.226809 35.9445 36.5336 7.78707 5.23451
20.2449 13.7086 18.6496 3.86254 0.247804 1.41017 19.0168 21.4567 13.8558 13.4605
-2.34074 10.4578 -6.07358 19.7081 0.244581 5.09594 -1.22814 -3.49059 10.9604 10.0475
14.387 22.4259 20.0259 14.1962 0.238632 2.17151 13.4318 15.3957 21.714 23.0597
-5.11658 -25.0544 -1.72414 -15.6701 0.226293 4.3655 -4.04029 -6.1639 -25.3982 -24.6305
26.3126 3.85245 18.8944 -2.81975 0.232932 0.7325 25.502 27.0561 4.68623 2.95828
28.8252 -25.1625 18.9941 -26.8615 0.236174 0.171126 28.5788 28.9801 -24.0095 -26.3313
5.10658 -28.2207 14.1074 -23.9241 0.250932 3.58696 5.69294 4.61478 -29.3275 -27.0689
-3.46995 -13.1031 5.97188 -9.88577 0.24529 3.47001 -3.02797 -3.81716 -14.245 -11.929
13.1811 -29.6803 14.6996 -19.8232 0.253015 4.55953 14.4362 11.9422 -29.8197 -29.4355
-11.4357 -14.8967 -5.43009 -22.8652 0.228695 2.21665 -12.3207 -10.4984 -15.6182 -14.2447
12.9556 -14.4681 6.76706 -22.2923 0.241233 0.901604 11.9818 13.8693 -13.7596 -15.2525
28.825 -7.71328 19.1228 -5.38418 0.230446 6.04759 29.0504 28.5137 -6.58504 -8.82088
-5.77742 -21.6945 -4.31877 -11.8255 0.239106 4.56565 -4.5906 -6.95033 -21.8218 -21.473
-9.32041 -18.5044 -4.00884 -26.9464 0.250296 2.1324 -10.3491 -8.23616 -19.2133 -17.8838
28.4827 -16.9582 22.2455 -24.7428 0.244675 0.895305 27.4992 29.4039 -16.234 -17.7601
-22.6724 -28.1448 -12.7259 -27.3534 0.230336 3.22099 -22.5373 -22.7195 -29.2868 -26.9958
-19.3318 -15.1567 -11.9549 -21.868 0.254947 2.40341 -20.1473 -18.4363 -16.1335 -14.2528
7.08136 -11.1313 -0.0661476 -18.0917 0.23657 0.772138 6.22468 7.87131 -10.3184 -12.0092
-15.7323 -27.8436 -7.0404 -22.9532 0.253796 3.65408 -15.065 -16.3062 -28.9203 -26.7143
32.9239 -6.3406 25.187 -0.0425906 0.239135 5.59995 33.64 32.1339 -5.38547 -7.23563
-26.115 -5.32559 -29.5354 -14.6941 0.253143 1.22074 -27.3191 -24.9475 -4.94276 -5.8086
-32.4334 -13.9413 -22.4685 -13.4044 0.222512 3.19542 -32.3325 -32.452 -15.0477 -12.8304
6.45733 -33.6586 11.2152 -24.8898 0.237921 4.21525 7.52293 5.43666 -34.1832 -33.0512
-11.592 -31.3583 -3.70569 -25.2448 0.227814 3.80103 -10.8615 -12.2542 -32.2302 -30.4336
31.9534 -11.3782 23.8507 -17.198 0.239404 0.622869 31.218 32.6113 -10.4362 -12.376
-17.2126 3.38374 -15.7465 13.2549 0.222441 4.56495 -16.1086 -18.3044 3.26142 3.58753
0.157766 -8.00781 6.69039 -15.5456 0.246918 2.28488 -0.739614 1.12159 -8.85266 -7.23963
0.616157 -21.709 3.11175 -12.0488 0.23349 4.45958 1.75528 -0.500268 -21.9564 -21.3737
20.1187 -12.7996 24.9995 -21.4993 0.243591 2.08207 19.0833 21.2024 -13.4372 -12.2482
17.5597 9.50868 21.5533 0.366133 0.23645 1.98263 16.4974 18.6592 8.9939 9.93819
-12.5373 -20.3445 -2.56876 -20.8073 0.222882 3.0952 -12.5476 -12.4445 -21.4573 -19.2355
31.4583 -22.8745 34.9072 -13.5104 0.224208 4.35949 32.5225 30.423 -23.2219 -22.4486
-15.4803 7.27048 -15.6373 17.2433 0.249736 4.72814 -14.2358 -16.7264 7.34198 7.30275
6.76419 -20.5963 6.88813 -10.6194 0.231723 4.69997 7.92069 5.60881 -20.5659 -20.5372
-17.2909 -26.8561 -7.92991 -23.3992 0.224976 3.49534 -16.8626 -17.6403 -27.8946 -25.7885
1.40601 -3.16018 3.05102 -13.0032 0.221645 1.73639 0.321923 2.50358 -3.38281 -3.0182
-2.0612 34.3868 -7.4996 26.0235 0.240172 0.994229 -3.09168 -1.08306 34.9996 33.6934
-2.30231 1.04865 -0.140842 -8.68948 0.244404 1.78921 -3.48156 -1.10152 0.735995 1.26427
-15.512 -21.7113 -5.55076 -21.1573 0.237025 3.19714 -15.3997 -15.5309 -22.8892 -20.5281
-23.9899 -12.0329 -18.426 -20.3158 0.229246 2.16229 -24.9149 -23.0161 -12.7069 -11.4315
31.7191 -8.19055 25.2397 -15.7818 0.216687 0.864254 30.8713 32.5162 -7.51827 -8.92227
-25.016 -1.86989 -33.2989 -7.43693 0.219464 0.591759 -25.6601 -24.4384 -0.98335 -2.80116
7.57827 16.7372 -2.25657 18.4143 0.235928 6.11428 7.73045 7.33476 17.9051 15.5848
8.97725 -1.23684 3.8253 -9.78175 0.230481 1.02823 7.96971 9.93914 -0.680983 -1.86841
7.85762 26.615 2.70859 18.0709 0.241771 1.02844 6.79966 8.86537 27.1958 25.9509
-17.6848 -14.9243 -10.7542 -22.1043 0.22355 2.33852 -18.4584 -16.8533 -15.7289 -14.1796
-11.1573 4.15874 -8.07869 13.6484 0.237161 4.39869 -10.0176 -12.2681 3.8382 4.56832
14.1115 25.2077 5.60361 30.4179 0.237355 5.7337 14.6899 13.4532 26.2419 24.2225
0.680229 -22.7315 2.84007 -12.9912 0.235197 4.49418 1.83565 -0.455259 -22.9406 -22.4326
-18.9081 30.002 -11.5561 23.2572 0.233797 2.39924 -19.6631 -18.0861 29.1118 30.8307
-2.45167 -13.0516 6.85444 -9.44857 0.223161 3.51099 -2.01098 -2.81505 -14.075 -11.9983
-1.35202 11.9747 -3.36762 2.20298 0.232754 1.36738 -2.49833 -0.223921 12.1651 11.696
-27.5142 -27.1045 -24.9983 -17.4502 0.236556 4.45747 -26.3605 -28.6443 -27.357 -26.7618
-7.55956 -35.5268 -7.51159 -25.5506 0.238003 4.70758 -6.37214 -8.74653 -35.4854 -35.474
-27.1312 22.351 -21.6514 14.0148 0.239805 2.15232 -28.1045 -26.1054 21.654 22.9681
-35.6017 -12.5513 -26.2416 -16.0108 0.224945 2.78757 -35.9513 -35.1731 -13.6186 -11.5131
24.9906 -30.5805 17.9585 -23.5048 0.241026 5.4947 25.8093 24.1039 -29.6988 -31.3937
13.096 -10.7499 9.17272 -19.9231 0.234985 1.16665 12.0001 14.1557 -10.3312 -11.2531
-11.3261 18.8308 -3.59845 12.5209 0.237046 2.45685 -12.0378 -10.542 17.8853 19.7171
-1.95493 -34.7362 -0.331955 -24.8918 0.23335 4.549 -0.798959 -3.09616 -34.8808 -34.5021
-27.0352 -2.00756 -28.6328 -11.8583 0.2219 1.41001 -28.1347 -25.9488 -1.87076 -2.22527
-17.8978 27.8498 -12.1574 19.6848 0.213783 2.18356 -18.7487 -17.0032 27.2051 28.4323
7.14533 -22.8663 5.33282 -13.056 0.238321 4.89508 8.30574 5.96774 -22.6039 -23.0358
-29.006 3.02737 -35.7466 -4.33202 0.220263 0.829255 -29.8438 -28.2228 3.73994 2.25523
8.73149 5.39018 0.860142 -0.743406 0.224974 0.661947 8.00831 9.38821 6.24971 4.47887
12.5514 -35.738 11.7258 -25.7919 0.217599 4.79521 13.6303 11.466 -35.6089 -35.7885
-6.00438 31.4262 -3.67945 21.7216 0.22326 1.80593 -7.07804 -4.91138 31.1263 31.6454
-10.7854 27.8381 -4.34064 20.2174 0.216678 2.27278 -11.5857 -9.93451 27.1101 28.5065
11.7264 31.7102 7.77535 22.5445 0.213506 1.1638 10.7329 12.6898 32.0971 31.2536
-23.4156 -5.69302 -16.8165 -13.1811 0.213997 2.29317 -24.1916 -22.5891 -6.4277 -5.01553
36.555 -6.24655 27.7067 -1.63334 0.225969 5.80259 37.0386 35.9961 -5.22717 -7.22663
3.04613 17.1811 -0.357726 7.79847 0.21351 1.22278 2.03154 4.03484 17.5088 16.7821
14.8148 -33.3001 19.2901 -24.3791 0.216064 4.24742 15.796 13.8685 -33.7488 -32.7819
-21.9297 6.24633 -16.2696 14.4665 0.217289 4.10938 -21.0144 -22.8005 5.66376 6.89363
-4.308 28.4078 2.84161 21.4461 0.224228 2.36951 -5.05852 -3.49752 27.577 29.1802
27.1924 -29.6799 19.598 -23.203 0.212105 5.57704 27.8508 26.477 -28.8502 -30.461
0.0287976 25.4691 -7.19063 18.5786 0.219776 0.762086 -0.75746 0.75689 26.2346 24.648
-2.37782 -1.3027 2.52506 -9.99627 0.21471 2.0843 -3.29227 -1.42567 -1.86247 -0.809773
22.8589 -7.01876 13.3339 -4.04259 0.223485 5.98034 23.1518 22.4867 -5.94201 -8.07072
13.5119 17.9865 20.24 10.6139 0.212879 2.31051 12.7526 14.322 17.2425 18.6748
32.2146 -4.57791 22.2401 -4.87179 0.22581 0.0294548 32.139 32.2053 -3.453 -5.70533
3.75263 10.741 -3.76251 4.17192 0.210787 0.718328 3.03245 4.41713 11.5087 9.92462
-3.17269 -0.539841 2.6394 -8.65189 0.223157 2.19249 -4.05367 -2.24342 -1.22204 0.0749685
1.78581 6.96842 8.76813 14.0987 0.221096 3.93747 2.60251 1.02604 6.22561 7.76937
-14.9506 25.9207 -6.38351 20.8035 0.224233 2.60315 -15.4884 -14.341 24.9387 26.8598
-13.9048 20.3083 -6.22636 13.9338 0.221326 2.44871 -14.5788 -13.168 19.4326 21.132
-29.4921 5.32259 -21.4296 11.2071 0.210369 3.77207 -28.8434 -30.0813 4.49625 6.19236
-2.00907 -7.26877 5.4469 -13.9016 0.2229 2.41455 -2.71741 -1.23894 -8.12722 -6.46528
29.569 7.68191 21.9971 1.17973 0.216301 0.709543 28.8362 30.2426 8.47543 6.83764
-18.0009 6.64443 -14.8773 16.1252 0.20769 4.39412 -17.0051 -18.9742 6.35416 7.0029
3.00058 -38.8543 -0.338362 -29.449 0.216764 5.05352 4.00686 1.96812 -38.4556 -39.1793
-10.0108 -25.478 -3.16433 -18.2166 0.218876 3.95639 -9.18879 -10.7781 -26.1982 -24.6997
26.1512 21.3567 17.6106 16.1893 0.206899 0.544117 25.5861 26.6552 22.2218 20.4547
-9.2174 15.4355 -5.08907 6.34858 0.214891 1.99723 -10.1779 -8.22515 14.957 15.8441
18.6896 21.2425 22.2723 11.9254 0.207209 1.9379 17.7372 19.6677 20.8379 21.5803
21.6633 -5.36285 29.9626 -10.9085 0.210534 2.55252 21.1102 22.2778 -6.25699 -4.50972
35.1595 -11.9248 25.1791 -12.0211 0.214324 0.00965002 35.1109 35.1316 -10.8556 -12.9947
2.68586 10.4005 10.1529 17.024 0.211292 3.8672 3.41342 2.01391 9.63627 11.214
0.116468 34.1889 9.57692 31.0068 0.212034 2.81712 -0.185418 0.489295 33.174 35.1799
-20.8284 -3.97951 -16.5964 -13.0189 0.213886 2.00866 -21.7789 -19.8455 -4.46658 -3.56142
-29.6659 9.58486 -20.1671 12.651 0.211204 3.45382 -29.3068 -29.9543 8.59317 10.5994
6.62612 3.11044 14.2082 9.60306 0.207231 3.84974 7.32601 5.98054 2.34807 3.91932
19.5676 -11.9801 24.529 -20.6406 0.213821 2.09103 18.6606 20.5124 -12.5436 -11.4827
21.931 -24.7642 13.1684 -29.5435 0.212423 0.499314 21.3904 22.4056 -23.8515 -25.7129
-22.9867 10.0178 -14.4643 15.2144 0.209098 3.68915 -22.4124 -23.4989 9.14574 10.9278
1.40973 -9.92158 7.76934 -17.6151 0.209312 2.26156 0.627789 2.23814 -10.6153 -9.28412
17.5346 17.3646 23.0764 9.06284 0.210712 2.15941 16.6805 18.4297 16.75 17.9177
14.7667 -28.8163 14.8367 -18.8338 0.20375 4.70538 15.7839 13.7499 -28.7889 -28.7746
21.0515 7.92269 23.9925 -1.61608 0.208657 1.86987 20.067 22.0573 7.58122 8.19489
-8.13141 -3.91319 -0.405553 -10.234 0.207693 2.45589 -8.76001 -7.44723 -4.73823 -3.13362
24.7424 4.0035 18.3049 -3.62612 0.204448 0.869943 23.94 25.4999 4.63497 3.31884
-2.27062 -6.12524 4.67639 -13.2932 0.207634 2.34054 -2.9898 -1.50149 -6.87223 -5.42979
-31.4522 -13.1665 -21.4747 -13.471 0.207148 3.11108 -31.448 -31.385 -14.2009 -12.1341
2.54387 -31.7751 10.2964 -25.4859 0.203164 3.82316 3.20943 1.93168 -32.541 -30.966
-13.9329 -6.51801 -4.62407 -10.1227 0.205575 2.77214 -14.2706 -13.5296 -7.48755 -5.57388
19.433 -20.7684 17.7254 -30.6037 0.205841 1.39889 18.4147 20.4392 -20.6275 -20.9789
-27.2051 7.37364 -18.6702 12.5506 0.206027 3.68683 -26.6416 -27.7082 6.51275 8.27117
27.728 -1.1553 17.8955 -2.87895 0.205105 0.173537 27.5168 27.8703 -0.152997 -2.1697
-6.86873 -11.3853 3.11258 -11.5401 0.204931 3.12608 -6.84963 -6.81791 -12.4086 -10.3631
-12.1547 34.5888 -5.38323 27.2538 0.203757 2.31627 -12.8786 -11.384 33.8735 35.2533
-18.0991 11.0634 -16.2798 1.24784 0.203806 1.75407 -19.093 -17.0926 10.844 11.2148
-10.9104 -35.0577 -4.57127 -27.3457 0.201747 4.02439 -10.111 -11.6669 -35.671 -34.3921
-3.59526 5.99246 -5.18958 15.8475 0.200864 4.87278 -2.61086 -4.59039 6.18574 5.8655
21.0442 15.4479 11.7906 11.7018 0.201026 0.384666 20.6365 21.3896 16.3654 14.5052
-9.67446 -9.77491 0.110716 -11.7538 0.200447 2.94205 -9.84 -9.44334 -10.7622 -8.80084
-0.34201 -35.8831 -0.14561 -25.9018 0.200723 4.69271 0.660387 -1.34309 -35.8693 -35.8299
-11.1329 5.17498 -7.95968 14.6405 0.200523 4.38893 -10.1732 -12.0713 4.88857 5.52487
-36.8 11.2073 -29.3509 4.56064 0.200226 2.41306 -37.4405 -36.1097 10.4393 11.9308
30.166 -6.02303 20.2628 -4.76018 0.200129 6.15635 30.2593 30.0065 -5.02786 -7.00977
