-12.3727 -4.96654 -2.61761 -2.98185 0.329239 3.34231 -11.9577 -12.6111 -6.55445 -3.34271
-2.94761 -14.4721 1.37023 -5.47305 0.211585 4.26503 -1.97945 -3.88352 -14.8953 -13.9818
-0.911593 -10.6928 7.56772 -5.54388 0.438149 3.68732 0.352499 -1.90351 -12.4678 -8.75259
-4.58129 -8.88136 4.11912 -4.07525 0.381041 3.64628 -3.5601 -5.39143 -10.4807 -7.16546
-6.95428 -0.294949 1.53953 4.88714 0.347307 3.68941 -5.96884 -7.76862 -1.71774 1.23223
0.377734 -10.9219 8.35864 -4.9282 0.213796 3.78574 1.04888 -0.232563 -11.7522 -10.0459
-4.13162 -0.639467 5.56442 1.55423 0.376318 3.36409 -3.60416 -4.42968 -2.43791 1.21088
-0.807231 5.49409 2.13945 -4.02262 0.300298 1.87107 -2.21398 0.643873 4.98002 5.8649
2.91906 -12.0168 9.10093 -4.25956 0.440867 4.03953 4.72947 1.30955 -13.2535 -10.5281
-9.5496 -11.278 -1.30844 -5.66711 0.268944 3.73934 -8.74536 -10.2544 -12.3523 -10.1359
-2.81492 7.62594 4.26595 0.612673 0.285066 2.36099 -3.76652 -1.76728 6.56912 8.58764
-0.0705312 2.96423 -1.56483 -6.86255 0.380629 1.41989 -1.9588 1.78156 3.12968 2.56091
9.28842 4.31812 3.45187 -3.71604 0.409103 0.942527 7.56339 10.8502 5.39962 3.01188
1.31226 7.22297 3.41223 -2.44804 0.499451 1.78462 -1.059 3.7712 6.49668 7.54551
-5.20744 -0.508924 4.58003 1.37214 0.283316 3.33147 -4.87541 -5.40835 -1.8828 0.89015
4.40045 -8.78998 13.147 -13.5568 0.305487 2.64261 3.74048 5.19667 -10.1631 -7.49112
-0.929679 -12.5902 6.08214 -5.52214 0.324983 3.93098 0.280639 -2.01636 -13.6672 -11.3885
0.142094 3.95672 -1.40537 -5.86575 0.368163 1.41454 -1.68356 1.93271 4.13038 3.56066
4.3431 -4.34515 5.48776 -14.2375 0.316193 1.686 2.7887 5.9166 -4.60868 -4.24674
-12.8131 -2.29595 -7.18491 -10.524 0.2739 2.17072 -13.9047 -11.651 -3.11823 -1.57668
8.36844 -0.770312 1.65705 -8.07728 0.434783 0.827858 6.67391 9.85085 0.573217 -2.34478
-6.13939 9.75792 0.888079 2.72825 0.380147 2.35604 -7.39071 -4.7184 8.33733 11.0088
8.34681 1.49083 5.84077 -8.13952 0.342912 1.31622 6.67102 9.97339 1.82595 0.9666
-10.7406 -4.98945 -0.962288 -6.79892 0.365869 2.95861 -10.9623 -10.3003 -6.79848 -3.22089
-2.63759 -13.4078 1.95162 -4.62275 0.461346 4.23099 -0.529422 -4.58239 -14.3101 -12.1929
-0.134149 -3.96879 8.62616 -8.59144 0.477808 2.65605 -1.07122 1.13752 -6.14994 -1.9642
2.89324 -8.41245 12.8006 -9.50271 0.280681 3.03199 2.80537 3.11138 -9.81003 -7.02921
3.24261 6.50066 3.52802 -3.44466 0.348699 1.59949 1.51155 4.97947 6.34992 6.44944
12.5016 2.50619 4.40878 -3.25996 0.389378 0.619066 11.2765 13.5217 4.00875 0.857564
2.03742 8.41544 3.27909 -1.4463 0.38109 1.69605 0.173375 3.93158 8.0592 8.53239
-3.99981 3.75542 5.90508 4.61369 0.373392 3.22803 -3.72423 -4.0447 1.91621 5.61462
6.53541 -1.13558 3.00991 -10.4332 0.368237 1.20836 4.78361 8.20735 -0.591767 -1.88999
-8.73625 4.52292 0.281652 8.75951 0.296166 3.58079 -8.04287 -9.2976 3.21854 5.88933
0.101728 -5.78723 9.55114 -8.97927 0.249944 2.81582 -0.247942 0.549888 -6.98478 -4.62296
-3.11665 -0.629352 6.54096 1.78833 0.326544 3.38689 -2.63594 -3.42542 -2.18464 0.968984
3.62022 3.38092 -3.38155 -3.70608 0.300375 0.791447 2.50312 4.63188 4.37913 2.27598
5.87201 5.03151 2.33453 -4.27392 0.328371 1.20752 4.31235 7.36798 5.52854 4.36694
-2.69773 -4.88355 6.70936 -7.97262 0.487449 2.82431 -3.2636 -1.75784 -7.2377 -2.65222
8.85367 -9.54857 13.3734 -18.4436 0.232514 2.04092 7.83994 9.90817 -10.1141 -9.06323
-6.24785 6.4211 2.2514 1.19698 0.238077 2.59047 -6.82954 -5.5858 5.38466 7.40814
-1.55003 11.1731 -1.10588 1.26375 0.440583 1.61559 -3.72577 0.640127 10.9145 11.1101
-9.04957 -4.72925 -1.51025 -11.2491 0.279756 2.42858 -9.91232 -8.08836 -5.82642 -3.71724
-6.82149 7.25389 1.40401 1.73497 0.477122 2.55063 -7.98145 -5.34826 5.18651 9.11107
-7.26059 -6.52686 1.37911 -11.4035 0.435984 2.62773 -8.18637 -6.06023 -8.48773 -4.72097
-4.6417 -10.8124 1.51234 -3.03871 0.452896 4.04276 -2.77582 -6.29648 -12.0726 -9.28549
4.67962 -5.31375 5.60545 -15.24 0.27134 1.6638 3.33861 6.03201 -5.50033 -5.24912
13.1775 -4.02616 4.12585 -8.22668 0.225418 0.434484 12.6657 13.6126 -3.02376 -5.06417
11.3826 4.95079 7.64813 -4.23298 0.454792 1.18458 9.22968 13.4064 5.64116 3.94274
6.8261 10.418 2.46219 1.48986 0.387428 1.11616 5.04187 8.50088 11.1514 9.46069
7.52813 -7.59294 8.1955 -17.5509 0.217385 1.63772 6.4484 8.61312 -7.70472 -7.55964
2.12475 -1.03322 1.58692 -10.9552 0.390485 1.51664 0.180703 4.0551 -1.05461 -1.26462
11.532 -5.9911 5.00959 -13.4884 0.387954 0.85482 9.99573 12.9043 -4.82017 -7.35058
11.8921 -3.80872 3.21455 -8.64823 0.392915 0.508741 10.8294 12.7309 -2.16638 -5.5759
-8.34022 8.3518 1.48647 6.84278 0.373815 2.98922 -8.50757 -7.94348 6.4975 10.1709
6.92955 7.5683 6.61 -2.3479 0.434978 1.53858 4.76783 9.08116 7.48096 7.34196
-11.4086 -0.440144 -7.95241 -9.78359 0.301454 1.92509 -12.7907 -9.97404 -1.03195 0.00992903
-0.652836 -0.379619 9.176 -1.54386 0.496634 3.02369 -0.739081 -0.16088 -2.84432 2.03702
3.89335 -3.30966 4.84484 -13.2271 0.298078 1.66644 2.42232 5.3785 -3.525 -3.24139
4.80712 4.36303 2.03907 -5.22758 0.20744 1.28981 3.80245 5.79192 4.61572 4.04152
-1.91568 -5.73847 7.6835 -8.25272 0.430408 2.88542 -2.30811 -1.22596 -7.84318 -3.71162
0.65294 -8.55355 10.6257 -8.25794 0.234327 3.17123 0.733248 0.66398 -9.72063 -7.38375
-9.20725 -8.63952 0.732303 -9.46531 0.250881 3.0587 -9.25865 -9.05147 -9.89068 -7.39703
-1.61743 0.293881 8.18202 -1.38117 0.37476 2.9723 -1.81634 -1.1886 -1.56199 2.11045
12.4717 0.295964 3.2538 -3.36756 0.440847 0.378294 11.5144 13.1294 2.26828 -1.7954
-9.57848 -2.05119 -7.18952 -11.668 0.467692 1.81428 -11.7836 -7.28592 -2.78578 -1.66848
10.5005 -0.722003 4.71166 -8.77483 0.445316 0.947528 8.61146 12.1975 0.433402 -2.14445
-6.87804 -2.76468 -7.04492 -12.6602 0.498165 1.55393 -9.3463 -4.41671 -2.92861 -3.01174
7.95008 -4.93753 3.93659 -14.0724 0.231765 1.15683 6.87353 8.99067 -4.51336 -5.44355
-7.61228 -12.146 0.474293 -6.35671 0.362696 3.76292 -6.47356 -8.57331 -13.5489 -10.6159
-4.977 3.14151 4.91655 4.47117 0.204951 3.27519 -4.80609 -5.0786 2.13231 4.16001
-2.00922 6.86778 5.49864 0.336235 0.342011 2.42562 -3.05282 -0.818962 5.52011 8.08788
3.88728 10.2936 2.07947 0.5605 0.491726 1.38715 1.4577 6.24371 10.5412 9.6522
-3.85646 -5.07219 5.73132 -7.71841 0.359439 2.8723 -4.22859 -3.27743 -6.82386 -3.37763
-6.8906 -10.6445 -1.05904 -2.58664 0.357968 4.08593 -5.38596 -8.27043 -11.6021 -9.51454
-6.28044 -6.90233 2.26904 -11.9007 0.482163 2.61254 -7.31918 -4.90914 -9.06067 -4.93842
3.75337 1.71651 -4.11825 -4.38083 0.321778 0.659059 2.70434 4.66633 2.93027 0.397353
1.92517 -7.5605 11.7684 -8.83711 0.422724 3.01262 1.80236 2.34201 -9.66006 -5.49907
-2.27392 10.1228 -1.03544 0.251801 0.35224 1.69561 -3.99956 -0.522604 9.8024 10.2386
-2.87975 2.88428 6.89806 4.74888 0.332468 3.33003 -2.47956 -3.09948 1.27608 4.52689
9.65223 2.72707 2.80482 -4.48353 0.367458 0.811228 8.25021 10.8998 3.90382 1.38768
-6.86845 2.49479 2.89951 4.3175 0.390566 3.32607 -6.38802 -7.09991 0.610502 4.42554
-3.24952 -9.16562 4.96578 -3.53847 0.31879 3.74215 -2.28288 -4.07677 -10.4274 -7.80841
14.087 -1.89568 4.19059 -2.8737 0.364961 0.0985061 13.7984 14.1554 -0.100665 -3.71246
10.4864 7.40267 3.39017 0.440729 0.376344 0.775845 9.09242 11.7125 8.65561 5.98498
6.51314 8.6175 6.59701 -1.33977 0.319127 1.57922 4.92503 8.10267 8.51946 8.54623
5.36529 -2.30491 4.8376 -12.2272 0.391324 1.51766 3.41712 7.29995 -2.3286 -2.5351
13.928 -7.75312 4.06389 -9.06017 0.345701 0.131739 13.6036 14.0554 -6.06115 -9.47117
0.932741 9.43094 2.11717 -0.439455 0.375965 1.69022 -0.908735 2.80218 9.09175 9.53705
2.40144 0.905921 -3.08124 -7.38914 0.369438 0.986756 0.806688 3.87119 1.82411 -0.201395
5.64815 1.66717 -4.30486 1.16127 0.286414 0.0507844 5.50757 5.65246 3.08904 0.23836
7.12063 -8.65256 8.25928 -18.5528 0.287868 1.68531 5.70352 8.55349 -8.88491 -8.55713
9.72395 -3.53772 5.20082 -12.4066 0.326291 1.09918 8.23683 11.1307 -2.87862 -4.35447
7.26276 6.33816 8.38466 -3.56757 0.272622 1.68357 5.91945 8.61997 6.12381 6.42966
-5.9818 3.27865 3.92639 4.32849 0.29554 3.24715 -5.75444 -6.06471 1.82217 4.75044
-5.84574 -3.7689 -7.1771 -13.6534 0.251267 1.43691 -7.09458 -4.61094 -3.6537 -3.98822
8.29074 -6.23486 3.52185 -14.9833 0.294816 1.07171 6.96656 9.54574 -5.59535 -7.00129
-9.33492 1.62346 -4.96519 -7.32594 0.312994 2.02502 -10.6997 -7.89863 0.86643 2.23413
-9.97976 6.93591 -0.583223 3.62604 0.300408 2.80292 -10.4061 -9.41184 5.49959 8.32238
5.44229 -6.5293 5.21541 -16.4917 0.289956 1.54803 3.99637 6.88503 -6.5663 -6.63209
2.08554 5.27272 4.72006 -4.34639 0.252952 1.83812 0.883017 3.31619 4.88817 5.55458
7.76164 -3.79609 4.30793 -13.1424 0.293997 1.21683 6.36283 9.11062 -3.35582 -4.37119
-9.33363 -0.906185 -7.3995 -10.683 0.284651 1.7661 -10.712 -7.92907 -1.24756 -0.697014
-3.80829 8.63099 0.494776 -0.370081 0.236287 2.01674 -4.85166 -2.72483 8.08069 9.09745
11.9148 -9.40465 13.2407 -19.294 0.230699 1.70408 10.78 13.0614 -9.60149 -9.2956
-10.1455 -7.97387 -0.264189 -9.35308 0.234324 3.00291 -10.2619 -9.93869 -9.13791 -6.82247
1.72038 -2.84552 9.41015 -9.20444 0.227787 2.45064 1.02942 2.4779 -3.74886 -1.99723
-7.92934 -5.57576 0.522629 -10.8792 0.229363 2.58121 -8.50046 -7.28405 -6.56831 -4.62975
14.7914 -6.72128 5.04657 -8.85432 0.242581 0.215491 14.4848 15.0022 -5.54981 -7.9137
1.33637 -5.35755 10.4778 -9.35689 0.23002 2.72919 0.916743 1.83667 -6.42656 -4.32385
10.7604 -6.59809 4.37531 -14.2667 0.225555 0.876472 9.86849 11.5982 -5.91054 -7.35073
10.601 -8.16444 8.75138 -17.9712 0.221127 1.38438 9.50916 11.6777 -7.99994 -8.40893
-0.998351 -8.15221 8.60811 -5.44166 0.21053 3.4166 -0.677517 -1.24817 -9.15341 -7.13096
-5.56913 -12.8767 0.546029 -4.98631 0.204141 4.05307 -4.74251 -6.35326 -13.4734 -12.2251
7.57582 3.09009 2.52409 -5.51972 0.205452 1.04018 6.67359 8.44249 3.57873 2.54084
-4.92504 6.13848 4.72381 3.57728 0.202173 2.88214 -5.15105 -4.63325 5.15438 7.10511
