1 1000 1 0
2 2000 1 0
3 3000 1 0
4 4000 1 0
5 5000 1 0
6 6000 1 0
7 7000 1 0
8 8000 1 0
9 9000 1 0
10 10000 1 0
11 11000 1 0
12 12000 1 0
13 13000 1 0
14 14000 1 0
15 15000 1 0
16 16000 1 0
17 17000 1 0
18 18000 1 0
19 19000 1 0
20 20000 1 0
21 21000 1 0
22 22000 1 0
23 23000 1 0
24 24000 1 0
25 25000 1 0
26 26000 1 0
27 27000 1 0
28 28000 1 0
29 29000 1 0
30 30000 1 0
31 31000 1 0
32 32000 1 0
33 33000 1 0
34 34000 1 0
35 35000 1 0
36 36000 1 0
37 37000 1 0
38 38000 1 0
39 39000 1 0
40 40000 1 0
41 41000 1 0
42 42000 1 0
43 43000 1 0
44 44000 1 0
45 45000 1 0
46 46000 1 0
47 47000 1 0
48 48000 1 0
49 49000 1 0
50 50000 1 0
51 51000 1 0
52 52000 1 0
53 53000 1 0
54 54000 1 0
55 55000 1 0
56 56000 1 0
57 57000 1 0
58 58000 1 0
59 59000 1 0
60 60000 1 0
61 61000 1 0
62 62000 1 0
63 63000 1 0
64 64000 1 0
65 65000 1 0
66 66000 1 0
67 67000 1 0
68 68000 1 0
69 69000 1 0
70 70000 1 0
71 71000 1 0
72 72000 1 0
73 73000 1 0
74 74000 1 0
75 75000 1 0
76 76000 1 0
77 77000 1 0
78 78000 1 0
79 79000 1 0
80 80000 1 0
81 81000 1 0
82 82000 1 0
83 83000 1 0
84 84000 1 0
85 85000 1 0
86 86000 1 0
87 87000 1 0
88 88000 1 0
89 89000 1 0
90 90000 1 0
91 91000 1 0
92 92000 1 0
93 93000 1 0
94 94000 1 0
95 95000 1 0
96 96000 1 0
97 97000 1 0
98 98000 1 0
99 99000 1 0
100 100000 1 0
101 101000 1 0
102 102000 1 0
103 103000 1 0
104 104000 1 0
105 105000 1 0
106 106000 1 0
107 107000 1 0
108 108000 1 0
109 109000 1 0
110 110000 2 0.00132052
111 111000 2 0.00133692
112 112000 2 0.00135232
113 113000 2 0.00136671
114 114000 2 0.00138007
115 115000 2 0.00147892
116 116000 2 0.00155398
117 117000 2 0
118 118000 2 0.00143086
119 119000 2 0.00143052
120 120000 2 0.00143701
121 121000 2 0.00144209
122 122000 2 0.00144559
123 123000 2 0.00144728
124 124000 2 0.00144686
125 125000 2 0.00144396
126 126000 2 0.0014381
127 127000 2 0.00142876
128 128000 2 0.0014154
129 129000 2 0.00139751
130 130000 2 0.00137476
131 131000 2 0.00134703
132 132000 2 0.00131453
133 133000 2 0.00127778
134 134000 2 0.00123762
135 135000 2 0.00119503
136 136000 2 0.00115103
137 137000 2 0.00110655
138 138000 2 0.00106238
139 139000 2 0.00101908
140 140000 2 0.000977032
141 141000 2 0.000936426
142 142000 2 0.000897325
143 143000 2 0.000859679
144 144000 2 0.000823369
145 145000 2 0.000788219
146 146000 2 0.000754024
147 147000 2 0.000720553
148 148000 2 0.000687562
149 149000 2 0.000654793
150 150000 2 0.000621975
151 151000 2 0.000588821
152 152000 3 0.00213644
153 153000 3 0.00211403
154 154000 3 0.00207068
155 155000 3 0.00200446
156 156000 3 0.0019155
157 157000 3 0.00180689
158 158000 3 0.00168478
159 159000 3 0.00155727
160 160000 3 0.00143261
161 161000 3 0.00131735
162 162000 3 0.00121532
163 163000 3 0.00112765
164 164000 3 0.00105335
165 165000 3 0.000990396
166 166000 3 0.000936373
167 167000 3 0.000888979
168 168000 3 0.000846127
169 169000 3 0.000805914
170 170000 3 0.000766478
171 171000 3 0.000725749
172 172000 3 0.00068091
173 173000 3 0.000626783
174 174000 3 0.000564597
175 175000 3 0.000575333
176 176000 3 0.0005937
177 177000 3 0.000610972
178 178000 3 0.000627383
179 179000 3 0.000643074
180 180000 3 0.000658137
181 181000 3 0.000672637
182 182000 3 0.000686618
183 183000 3 0.000700114
184 184000 3 0.000713152
185 185000 3 0.000725752
186 186000 3 0.00073793
187 187000 3 0.000749699
188 188000 3 0.000761072
189 189000 3 0.000772058
190 190000 3 0.000782666
191 191000 3 0.000792905
192 192000 3 0.000802783
193 193000 4 0.00200524
194 194000 4 0.00197862
195 195000 4 0.00196392
196 196000 4 0.00188659
197 197000 4 0.00184412
198 198000 4 0.0017998
199 199000 4 0.00173981
200 200000 4 0.00170248
201 201000 4 0.0017278
202 202000 4 0.00174738
203 203000 4 0.00175877
204 204000 4 0.00176077
205 205000 4 0.00175343
206 206000 4 0.00173765
207 207000 4 0.00171478
208 208000 4 0.00168623
209 209000 4 0.0016532
210 210000 4 0.00161662
211 211000 4 0.00157704
212 212000 4 0.00153479
213 213000 4 0.00303707
214 214000 4 0.00297261
215 215000 4 0.00289173
216 216000 4 0.00279433
217 217000 4 0.00268038
218 218000 4 0.00254983
219 219000 4 0.00240258
220 220000 5 0.00298283
221 221000 5 0.00289465
222 222000 6 0.00410306
223 223000 6 0.00269945
224 224000 6 0.00364857
225 225000 6 0.003528
226 226000 6 0.00343011
227 227000 6 0.00333268
228 228000 6 0.0031473
229 229000 6 0.0029244
230 230000 6 0.00276496
231 231000 6 0.00265123
232 232000 6 0.00251647
233 233000 6 0.00239226
234 234000 6 0.00228542
235 235000 7 0.00436252
236 236000 7 0.00432695
237 237000 7 0.00426329
238 238000 7 0.0041662
239 239000 7 0.00406943
240 240000 7 0.00395972
241 241000 7 0.00383673
242 242000 7 0.00472549
243 243000 7 0.00470512
244 244000 7 0.00527481
245 245000 7 0.00527807
246 246000 7 0.00527955
247 247000 7 0.00527884
248 248000 7 0.00536316
249 249000 7 0.00526481
250 250000 7 0.00528189
251 251000 7 0.0056521
252 252000 7 0.00562252
253 253000 7 0.00565183
254 254000 7 0.00568143
255 255000 7 0.00634099
256 256000 7 0.0063758
257 257000 8 0.00778023
258 258000 8 0.00778056
259 259000 8 0.00778573
260 260000 8 0.00779544
261 261000 8 0.00781261
262 262000 8 0.00783033
263 263000 8 0.00785629
264 264000 8 0.0078883
265 265000 8 0.00823772
266 266000 8 0.00821417
267 267000 8 0.00792825
268 268000 8 0.00799947
269 269000 8 0.00811465
270 270000 8 0.00833732
271 271000 8 0.00854677
272 272000 8 0.00874567
273 273000 8 0.0089338
274 274000 9 0.0104828
275 275000 9 0.0105585
276 276000 9 0.0106083
277 277000 10 0.0151313
278 278000 10 0.0149085
279 279000 11 0.0156161
280 280000 11 0.0133435
281 281000 11 0.013659
282 282000 11 0.0160447
283 283000 11 0.015107
284 284000 11 0.0142016
285 285000 11 0.0134142
286 286000 11 0.0127607
287 287000 11 0.0122266
288 288000 11 0.0138805
289 289000 11 0.0134431
290 290000 11 0.0130332
291 291000 12 0.0137905
292 292000 12 0.0132692
293 293000 12 0.0129827
294 294000 12 0.0126546
295 295000 12 0.0122811
296 296000 12 0.0118578
297 297000 12 0.0162414
298 298000 12 0.0191772
299 299000 12 0.0195143
300 300000 13 0.0206852
301 301000 13 0.0197564
302 302000 13 0.0191345
303 303000 13 0.0185616
304 304000 13 0.018303
305 305000 14 0.0301139
306 306000 14 0.0306955
307 307000 14 0.0303927
308 308000 14 0.0296767
309 309000 14 0.0311162
310 310000 14 0.0306047
311 311000 14 0.0349819
312 312000 14 0.0347744
313 313000 14 0.0366476
314 314000 14 0.036028
315 315000 14 0.0353553
316 316000 14 0.0348481
317 317000 15 0.0373967
318 318000 17 0.042956
319 319000 17 0.044413
320 320000 17 0.0442091
321 321000 18 0.0292331
322 322000 18 0.0284829
323 323000 18 0.0418495
324 324000 18 0.0431539
325 325000 18 0.0424654
326 326000 18 0.049256
327 327000 19 0.0501073
328 328000 19 0.048727
329 329000 19 0.0539309
330 330000 20 0.0500616
331 331000 20 0.0498855
332 332000 20 0.0489127
333 333000 20 0.0482938
334 334000 21 0.0505005
335 335000 21 0.0568214
336 336000 21 0.0576658
337 337000 21 0.058153
338 338000 21 0.0650922
339 339000 22 0.0659291
340 340000 22 0.0647785
341 341000 22 0.0634723
342 342000 22 0.0634798
343 343000 23 0.0667434
344 344000 23 0.0664201
345 345000 23 0.0658187
346 346000 23 0.0653813
347 347000 23 0.0673265
348 348000 23 0.0665604
349 349000 23 0.0680623
350 350000 23 0.0653965
351 351000 23 0.0622376
352 352000 23 0.0603281
353 353000 23 0.0652471
354 354000 23 0.0621935
355 355000 23 0.0718584
356 356000 23 0.0715652
357 357000 24 0.0744001
358 358000 24 0.0733442
359 359000 24 0.0715328
360 360000 25 0.0724252
361 361000 26 0.0720592
362 362000 26 0.0712628
363 363000 27 0.0705054
364 364000 27 0.0707332
365 365000 27 0.0760893
366 366000 28 0.0789251
367 367000 28 0.0922972
368 368000 28 0.0899624
369 369000 29 0.0914906
370 370000 30 0.0866584
371 371000 30 0.0900438
372 372000 30 0.0982028
373 373000 30 0.105447
374 374000 30 0.10973
375 375000 31 0.122817
376 376000 32 0.129798
377 377000 32 0.130704
378 378000 33 0.137653
379 379000 34 0.145715
380 380000 34 0.145525
381 381000 34 0.141934
382 382000 34 0.138111
383 383000 34 0.13542
384 384000 35 0.12797
385 385000 36 0.137849
386 386000 37 0.157437
387 387000 37 0.165043
388 388000 38 0.159494
389 389000 38 0.156279
390 390000 39 0.152032
391 391000 40 0.19341
392 392000 40 0.210967
393 393000 40 0.21655
394 394000 40 0.221589
395 395000 41 0.224338
396 396000 41 0.224603
397 397000 42 0.228781
398 398000 43 0.222113
399 399000 43 0.233668
400 400000 43 0.235221
401 401000 43 0.237318
402 402000 44 0.234331
403 403000 44 0.24496
404 404000 45 0.253116
405 405000 45 0.254554
406 406000 45 0.257015
407 407000 46 0.247702
408 408000 46 0.255989
409 409000 46 0.259394
410 410000 46 0.260626
411 411000 46 0.258437
412 412000 46 0.259505
413 413000 46 0.276515
414 414000 48 0.274761
415 415000 49 0.279416
416 416000 49 0.285688
417 417000 50 0.292331
418 418000 50 0.299568
419 419000 53 0.302055
420 420000 53 0.29668
421 421000 53 0.296521
422 422000 53 0.290269
423 423000 53 0.281194
424 424000 53 0.283044
425 425000 54 0.294552
426 426000 57 0.293302
427 427000 57 0.29979
428 428000 57 0.295442
429 429000 59 0.287019
430 430000 59 0.305997
431 431000 60 0.313195
432 432000 61 0.339206
433 433000 61 0.357341
434 434000 61 0.379237
435 435000 61 0.391157
436 436000 61 0.393356
437 437000 62 0.42156
438 438000 64 0.392873
439 439000 65 0.416334
440 440000 67 0.435676
441 441000 67 0.497659
442 442000 68 0.519143
443 443000 69 0.552797
444 444000 69 0.56215
445 445000 70 0.570541
446 446000 72 0.582643
447 447000 72 0.578165
448 448000 74 0.586285
449 449000 75 0.571451
450 450000 76 0.567407
451 451000 77 0.618071
452 452000 78 0.613172
453 453000 78 0.613408
454 454000 78 0.669035
455 455000 78 0.66632
456 456000 80 0.631193
457 457000 81 0.665796
458 458000 83 0.761885
459 459000 85 0.765041
460 460000 87 0.797535
461 461000 91 0.786845
462 462000 93 0.813751
463 463000 93 0.894031
464 464000 93 0.949287
465 465000 93 0.963675
466 466000 94 0.945876
467 467000 94 0.976597
468 468000 95 0.984492
469 469000 95 0.972681
470 470000 95 1.01881
471 471000 98 1.0586
472 472000 101 1.07422
473 473000 101 1.0543
474 474000 101 1.1041
475 475000 102 1.13992
476 476000 103 1.0653
477 477000 105 1.04637
478 478000 106 1.04926
479 479000 107 1.06913
480 480000 107 1.01453
481 481000 109 1.04978
482 482000 110 1.09774
483 483000 111 1.08555
484 484000 112 1.19801
485 485000 114 1.27515
486 486000 115 1.29049
487 487000 118 1.36576
488 488000 119 1.44467
489 489000 121 1.47653
490 490000 121 1.54361
491 491000 122 1.54277
492 492000 124 1.47402
493 493000 124 1.48611
494 494000 126 1.50703
495 495000 127 1.47401
496 496000 127 1.49429
497 497000 129 1.47471
498 498000 130 1.45699
499 499000 132 1.39673
500 500000 132 1.37131
501 501000 135 1.37796
502 502000 136 1.49272
503 503000 142 1.65553
504 504000 143 1.80577
505 505000 146 1.81646
506 506000 148 1.7663
507 507000 149 1.79719
508 508000 149 1.84006
509 509000 150 1.946
510 510000 153 1.96183
511 511000 154 1.96272
512 512000 156 1.95662
513 513000 156 2.12338
514 514000 157 2.20481
515 515000 160 2.23583
516 516000 164 2.26714
517 517000 167 2.26575
518 518000 169 2.38893
519 519000 169 2.48461
520 520000 173 2.4655
521 521000 177 2.65249
522 522000 178 2.71551
523 523000 181 2.76071
524 524000 182 2.85046
525 525000 183 2.90951
526 526000 185 2.89163
527 527000 189 2.92838
528 528000 192 2.90245
529 529000 194 3.05162
530 530000 196 3.10875
531 531000 199 3.08896
532 532000 201 3.07036
533 533000 203 3.24908
534 534000 203 3.28374
535 535000 204 3.27827
536 536000 206 3.3503
537 537000 212 3.32611
538 538000 214 3.67054
539 539000 216 3.85015
540 540000 219 3.9394
541 541000 220 4.06998
542 542000 222 4.1576
543 543000 224 3.79476
544 544000 224 3.73316
545 545000 225 4.14654
546 546000 228 4.12068
547 547000 233 4.34399
548 548000 238 4.38462
549 549000 244 4.46481
550 550000 245 4.72252
551 551000 246 4.92694
552 552000 250 5.03966
553 553000 256 5.12638
554 554000 259 5.32165
555 555000 259 5.53332
556 556000 260 5.60449
557 557000 262 5.54286
558 558000 268 5.64978
559 559000 271 5.63662
560 560000 272 5.73148
561 561000 278 5.96262
562 562000 279 6.04189
563 563000 282 6.09359
564 564000 290 6.10342
565 565000 295 6.01936
566 566000 297 6.6548
567 567000 300 6.86042
568 568000 305 6.99395
569 569000 307 7.08097
570 570000 311 6.97776
571 571000 317 6.80094
572 572000 320 6.92662
573 573000 322 7.11557
574 574000 322 7.46542
575 575000 327 7.76832
576 576000 329 8.01875
577 577000 334 8.23598
578 578000 338 8.00051
579 579000 341 8.56661
580 580000 347 8.93847
581 581000 350 8.88056
582 582000 355 8.65857
583 583000 361 8.63423
584 584000 366 9.02949
585 585000 371 9.40528
586 586000 372 9.89761
587 587000 376 10.2368
588 588000 380 10.0208
589 589000 385 9.88336
590 590000 390 10.0403
591 591000 394 10.5749
592 592000 399 10.9432
593 593000 402 11.252
594 594000 410 11.5507
595 595000 413 12.0752
596 596000 418 12.0702
597 597000 425 12.0432
598 598000 432 12.3987
599 599000 435 12.797
600 600000 443 13.2164
601 601000 448 13.352
602 602000 449 13.6523
603 603000 455 13.7723
604 604000 462 13.877
605 605000 466 14.3397
606 606000 474 14.7627
607 607000 484 14.9006
608 608000 487 15.367
609 609000 496 15.2567
610 610000 500 15.3727
611 611000 502 15.7897
612 612000 506 16.5726
613 613000 512 16.962
614 614000 515 17.4681
615 615000 520 17.7691
616 616000 525 17.9806
617 617000 535 17.7882
618 618000 544 17.405
619 619000 549 17.9032
620 620000 554 18.2529
621 621000 563 18.6491
622 622000 570 19.3111
623 623000 579 19.922
624 624000 589 19.9821
625 625000 596 20.9014
626 626000 605 21.4296
627 627000 616 20.6767
628 628000 621 22.0389
629 629000 627 22.7306
630 630000 629 23.2548
631 631000 638 23.6826
632 632000 642 24.5123
633 633000 649 24.9231
634 634000 655 26.5279
635 635000 665 27.2423
636 636000 676 27.3672
637 637000 688 27.881
638 638000 695 27.8281
639 639000 702 28.6232
640 640000 709 29.3013
641 641000 717 30.3803
642 642000 725 30.2735
643 643000 738 30.5445
644 644000 747 31.1205
645 645000 756 32.3011
646 646000 762 33.4725
647 647000 768 34.0371
648 648000 780 34.2262
649 649000 787 34.6651
650 650000 797 35.2531
651 651000 807 35.6172
652 652000 810 36.5088
653 653000 821 37.0966
654 654000 831 37.7491
655 655000 837 38.4553
656 656000 846 39.0074
657 657000 855 39.233
658 658000 860 40.7942
659 659000 868 41.8529
660 660000 872 42.8947
661 661000 887 43.6597
662 662000 900 44.3223
663 663000 903 45.1752
664 664000 910 45.4977
665 665000 918 46.038
666 666000 929 46.2426
667 667000 948 47.0948
668 668000 969 46.9019
669 669000 978 48.6101
670 670000 991 50.6927
671 671000 1001 51.0935
672 672000 1017 51.1807
673 673000 1031 53.5354
674 674000 1039 55.5435
675 675000 1055 56.7767
676 676000 1074 56.8199
677 677000 1085 57.3472
678 678000 1104 58.8143
679 679000 1114 61.8311
680 680000 1132 64.3544
681 681000 1146 66.1545
682 682000 1157 67.6565
683 683000 1164 70.0182
684 684000 1179 71.9157
685 685000 1188 72.2446
686 686000 1202 72.9584
687 687000 1217 73.7291
688 688000 1230 74.9236
689 689000 1242 74.9077
690 690000 1268 75.6964
691 691000 1285 74.9917
692 692000 1295 77.3844
693 693000 1313 80.3755
694 694000 1324 81.6951
695 695000 1338 83.4341
696 696000 1347 85.2367
697 697000 1362 86.5097
698 698000 1380 88.702
699 699000 1397 89.7698
700 700000 1412 90.2156
701 701000 1427 92.3167
702 702000 1445 95.1141
703 703000 1458 97.1516
704 704000 1472 99.7819
705 705000 1492 103.22
706 706000 1504 105.838
707 707000 1522 105.334
708 708000 1546 105.297
709 709000 1563 105.966
710 710000 1580 109.153
711 711000 1601 113.164
712 712000 1614 117.34
713 713000 1633 120.469
714 714000 1660 123.007
715 715000 1681 126.611
716 716000 1711 128.171
717 717000 1726 130.75
718 718000 1752 134.547
719 719000 1774 137.579
720 720000 1794 139.738
721 721000 1813 142.162
722 722000 1831 144.567
723 723000 1848 147.899
724 724000 1873 150.836
725 725000 1895 152.717
726 726000 1911 157.324
727 727000 1940 160.43
728 728000 1962 163.981
729 729000 1990 167.708
730 730000 2009 172.437
731 731000 2037 175.478
732 732000 2062 178.446
733 733000 2094 179.951
734 734000 2113 184.886
735 735000 2128 189.18
736 736000 2148 194.186
737 737000 2171 197.974
738 738000 2196 199.754
739 739000 2217 203.535
740 740000 2239 208.247
741 741000 2266 212.483
742 742000 2288 213.932
743 743000 2311 218.477
744 744000 2337 221.863
745 745000 2374 226.459
746 746000 2400 231.726
747 747000 2425 235.057
748 748000 2443 240.114
749 749000 2471 244.42
750 750000 2497 247.919
751 751000 2533 251.161
752 752000 2569 257.486
753 753000 2592 263.129
754 754000 2624 268.022
755 755000 2656 271.382
756 756000 2691 277.944
757 757000 2723 284.905
758 758000 2763 290.127
759 759000 2794 294.278
760 760000 2831 300.628
761 761000 2859 308.093
762 762000 2908 312.967
763 763000 2949 318.326
764 764000 2993 329.582
765 765000 3028 332.566
766 766000 3059 340.06
767 767000 3094 347.988
768 768000 3132 352.596
769 769000 3165 360.153
770 770000 3190 368.884
771 771000 3235 373.999
772 772000 3291 381.328
773 773000 3326 390.519
774 774000 3372 402.264
775 775000 3406 412.495
776 776000 3447 419.316
777 777000 3488 427.634
778 778000 3530 434.98
779 779000 3576 440.751
780 780000 3613 447.849
781 781000 3649 454.65
782 782000 3693 462.422
783 783000 3735 473.103
784 784000 3782 484.514
785 785000 3820 493.915
786 786000 3860 504.374
787 787000 3906 514.061
788 788000 3940 523.082
789 789000 3980 537.116
790 790000 4027 547.532
791 791000 4070 560.905
792 792000 4128 569.933
793 793000 4178 580.746
794 794000 4219 591.565
795 795000 4260 602.721
796 796000 4309 615.505
797 797000 4365 627.021
798 798000 4419 642.218
799 799000 4475 655.524
800 800000 4521 667.681
801 801000 4578 680.484
802 802000 4627 695.701
803 803000 4679 709.874
804 804000 4732 723.191
805 805000 4795 735.138
806 806000 4837 749.922
807 807000 4896 767.207
808 808000 4957 780.529
809 809000 5021 797.066
810 810000 5080 811.74
811 811000 5135 825.456
812 812000 5204 840.532
813 813000 5266 857.606
814 814000 5327 873.15
815 815000 5392 890.445
816 816000 5457 909.515
817 817000 5513 929.139
818 818000 5560 947.025
819 819000 5617 965.859
820 820000 5683 982.011
821 821000 5765 998.389
822 822000 5834 1019.47
823 823000 5899 1039.78
824 824000 5967 1062.06
825 825000 6041 1087.5
826 826000 6128 1110.38
827 827000 6191 1133.92
828 828000 6256 1149.62
829 829000 6319 1170.27
830 830000 6395 1190.27
831 831000 6458 1215.58
832 832000 6541 1240.58
833 833000 6613 1262.58
834 834000 6699 1286.58
835 835000 6757 1314.46
836 836000 6833 1342.22
837 837000 6917 1366.56
838 838000 7006 1393.94
839 839000 7094 1422.8
840 840000 7180 1452.12
841 841000 7266 1479.93
842 842000 7353 1512.62
843 843000 7456 1544.69
844 844000 7548 1575.34
845 845000 7639 1607.88
846 846000 7730 1640.65
847 847000 7810 1669.01
848 848000 7893 1701.2
849 849000 7973 1730.71
850 850000 8070 1766.67
851 851000 8178 1803.64
852 852000 8275 1836.45
853 853000 8360 1873.89
854 854000 8462 1911.76
855 855000 8552 1949.9
856 856000 8675 1995.46
857 856416 8715 2013.86
