-3.14159 0.0898209
-3.07876 0.098053
-3.01593 0.0943943
-2.9531 0.0885404
-2.89027 0.100431
-2.82743 0.101895
-2.7646 0.106651
-2.70177 0.103358
-2.63894 0.0960407
-2.57611 0.104639
-2.51327 0.106651
-2.45044 0.105736
-2.38761 0.10098
-2.32478 0.112322
-2.26195 0.0996994
-2.19911 0.103175
-2.13628 0.109578
-2.07345 0.119639
-2.01062 0.116529
-1.94779 0.126225
-1.88496 0.129335
-1.82212 0.12531
-1.75929 0.133725
-1.69646 0.149092
-1.63363 0.138299
-1.5708 0.153116
-1.50796 0.161531
-1.44513 0.167019
-1.3823 0.172324
-1.31947 0.175251
-1.25664 0.185496
-1.19381 0.194094
-1.13097 0.199765
-1.06814 0.202874
-1.00531 0.20946
-0.942478 0.21568
-0.879646 0.222631
-0.816814 0.214582
-0.753982 0.227571
-0.69115 0.213668
-0.628319 0.232876
-0.565487 0.2294
-0.502655 0.235071
-0.439823 0.219339
-0.376991 0.231595
-0.314159 0.244218
-0.251327 0.252084
-0.188496 0.254645
-0.125664 0.253547
-0.0628319 0.245681
4.44089e-16 0.266536
0.0628319 0.239827
0.125664 0.236169
0.188496 0.236169
0.251327 0.248059
0.314159 0.254645
0.376991 0.247693
0.439823 0.253913
0.502655 0.231412
0.565487 0.225741
0.628319 0.23251
0.69115 0.218058
0.753982 0.199399
0.816814 0.195557
0.879646 0.197021
0.942478 0.176349
1.00531 0.171227
1.06814 0.172141
1.13097 0.162812
1.19381 0.164275
1.25664 0.168849
1.31947 0.158787
1.3823 0.153116
1.44513 0.154214
1.50796 0.140311
1.5708 0.139945
1.63363 0.139945
1.69646 0.130067
1.75929 0.118907
1.82212 0.118176
1.88496 0.11781
1.94779 0.119456
2.01062 0.12531
2.07345 0.121286
2.13628 0.104273
2.19911 0.10537
2.26195 0.114517
2.32478 0.113054
2.38761 0.105919
2.45044 0.10409
2.51327 0.109029
2.57611 0.102809
2.63894 0.0973212
2.70177 0.0965895
2.7646 0.086711
2.82743 0.100614
2.89027 0.0885404
2.9531 0.0903697
3.01593 0.0929308
3.07876 0.0940284
