-3.14159 0.0609158
-3.07876 0.0664037
-3.01593 0.0680501
-2.9531 0.0645744
-2.89027 0.0665867
-2.82743 0.0671355
-2.7646 0.0729892
-2.70177 0.0830504
-2.63894 0.0795747
-2.57611 0.0771966
-2.51327 0.0857944
-2.45044 0.0786601
-2.38761 0.0808552
-2.32478 0.0861602
-2.26195 0.0932945
-2.19911 0.0964043
-2.13628 0.0960385
-2.07345 0.101161
-2.01062 0.101709
-1.94779 0.105002
-1.88496 0.112502
-1.82212 0.121832
-1.75929 0.128417
-1.69646 0.125124
-1.63363 0.142137
-1.5708 0.151101
-1.50796 0.150735
-1.44513 0.162625
-1.3823 0.173235
-1.31947 0.173784
-1.25664 0.179455
-1.19381 0.191345
-1.13097 0.189516
-1.06814 0.206163
-1.00531 0.205797
-0.942478 0.216041
-0.879646 0.218419
-0.816814 0.225736
-0.753982 0.234883
-0.69115 0.245493
-0.628319 0.25409
-0.565487 0.254456
-0.502655 0.259029
-0.439823 0.259944
-0.376991 0.268359
-0.314159 0.276774
-0.251327 0.26653
-0.188496 0.257932
-0.125664 0.249517
-0.0628319 0.2572
4.44089e-16 0.253724
0.0628319 0.265066
0.125664 0.260676
0.188496 0.262505
0.251327 0.258664
0.314159 0.277322
0.376991 0.283725
0.439823 0.270371
0.502655 0.258481
0.565487 0.262688
0.628319 0.248237
0.69115 0.2497
0.753982 0.235431
0.816814 0.233968
0.879646 0.229578
0.942478 0.214212
1.00531 0.204699
1.06814 0.202687
1.13097 0.202321
1.19381 0.174333
1.25664 0.18604
1.31947 0.165735
1.3823 0.166467
1.44513 0.152747
1.50796 0.148539
1.5708 0.148174
1.63363 0.145978
1.69646 0.144149
1.75929 0.133722
1.82212 0.132807
1.88496 0.119819
1.94779 0.119636
2.01062 0.111405
2.07345 0.104087
2.13628 0.0987824
2.19911 0.100612
2.26195 0.0938433
2.32478 0.0898188
2.38761 0.0929286
2.45044 0.0823187
2.51327 0.081404
2.57611 0.0742697
2.63894 0.0742697
2.70177 0.073538
2.7646 0.0790259
2.82743 0.073538
2.89027 0.0643915
2.9531 0.073721
3.01593 0.0728063
3.07876 0.0728063
