-3.14159 0.123095
-3.07876 0.115779
-3.01593 0.121815
-2.9531 0.121632
-2.89027 0.117059
-2.82743 0.132423
-2.7646 0.123278
-2.70177 0.115047
-2.63894 0.119986
-2.57611 0.124193
-2.51327 0.123095
-2.45044 0.119071
-2.38761 0.130411
-2.32478 0.123461
-2.26195 0.135533
-2.19911 0.127668
-2.13628 0.133521
-2.07345 0.156384
-2.01062 0.133155
-1.94779 0.148336
-1.88496 0.159493
-1.82212 0.154372
-1.75929 0.147604
-1.69646 0.155469
-1.63363 0.152726
-1.5708 0.164432
-1.50796 0.164615
-1.44513 0.16242
-1.3823 0.169736
-1.31947 0.162969
-1.25664 0.167358
-1.19381 0.175772
-1.13097 0.182174
-1.06814 0.186563
-1.00531 0.180162
-0.942478 0.178698
-0.879646 0.177784
-0.816814 0.188027
-0.753982 0.181991
-0.69115 0.177784
-0.628319 0.188392
-0.565487 0.193331
-0.502655 0.179979
-0.439823 0.183271
-0.376991 0.192965
-0.314159 0.199001
-0.251327 0.194062
-0.188496 0.214182
-0.125664 0.198452
-0.0628319 0.206866
4.44089e-16 0.192416
0.0628319 0.196623
0.125664 0.197172
0.188496 0.197172
0.251327 0.194428
0.314159 0.202293
0.376991 0.187478
0.439823 0.194977
0.502655 0.191868
0.565487 0.203573
0.628319 0.184917
0.69115 0.192233
0.753982 0.194428
0.816814 0.194245
0.879646 0.187295
0.942478 0.190038
1.00531 0.178881
1.06814 0.172845
1.13097 0.171748
1.19381 0.172662
1.25664 0.175406
1.31947 0.169004
1.3823 0.165529
1.44513 0.162786
1.50796 0.167175
1.5708 0.161505
1.63363 0.162054
1.69646 0.15364
1.75929 0.150714
1.82212 0.144312
1.88496 0.142117
1.94779 0.152177
2.01062 0.137362
2.07345 0.135716
2.13628 0.142117
2.19911 0.142117
2.26195 0.131326
2.32478 0.130411
2.38761 0.127119
2.45044 0.133155
2.51327 0.127851
2.57611 0.120352
2.63894 0.129497
2.70177 0.124558
2.7646 0.127668
2.82743 0.121998
2.89027 0.121815
2.9531 0.128399
3.01593 0.118888
3.07876 0.125839
