-3.14159 0.0616213
-3.07876 0.0588786
-3.01593 0.0623528
-2.9531 0.0625356
-2.89027 0.0574157
-2.82743 0.0676555
-2.7646 0.0746039
-2.70177 0.0735068
-2.63894 0.0672898
-2.57611 0.0755181
-2.51327 0.0729582
-2.45044 0.0753353
-2.38761 0.0788095
-2.32478 0.0786266
-2.26195 0.0890492
-2.19911 0.0927063
-2.13628 0.10002
-2.07345 0.0991061
-2.01062 0.101483
-1.94779 0.120317
-1.88496 0.12178
-1.82212 0.128911
-1.75929 0.129825
-1.69646 0.136042
-1.63363 0.153231
-1.5708 0.160545
-1.50796 0.158716
-1.44513 0.161093
-1.3823 0.177367
-1.31947 0.18011
-1.25664 0.177001
-1.19381 0.189801
-1.13097 0.201321
-1.06814 0.198761
-1.00531 0.207172
-0.942478 0.219789
-0.879646 0.224177
-0.816814 0.236246
-0.753982 0.235149
-0.69115 0.242463
-0.628319 0.251788
-0.565487 0.259102
-0.502655 0.263308
-0.439823 0.260748
-0.376991 0.272999
-0.314159 0.260199
-0.251327 0.266233
-0.188496 0.252702
-0.125664 0.272816
-0.0628319 0.269159
4.44089e-16 0.281776
0.0628319 0.267331
0.125664 0.281227
0.188496 0.280313
0.251327 0.275925
0.314159 0.264405
0.376991 0.262942
0.439823 0.270988
0.502655 0.262028
0.565487 0.256542
0.628319 0.242097
0.69115 0.243377
0.753982 0.229114
0.816814 0.226006
0.879646 0.223812
0.942478 0.209183
1.00531 0.21796
1.06814 0.202966
1.13097 0.202235
1.19381 0.184133
1.25664 0.175539
1.31947 0.174807
1.3823 0.164933
1.44513 0.163653
1.50796 0.158533
1.5708 0.153779
1.63363 0.13586
1.69646 0.138968
1.75929 0.124157
1.82212 0.12818
1.88496 0.122877
1.94779 0.114649
2.01062 0.107335
2.07345 0.112637
2.13628 0.099289
2.19911 0.101118
2.26195 0.0947177
2.32478 0.0802723
2.38761 0.0811866
2.45044 0.0835637
2.51327 0.0766153
2.57611 0.0804552
2.63894 0.0685697
2.70177 0.0691183
2.7646 0.0636327
2.82743 0.0618042
2.89027 0.0687526
2.9531 0.064547
3.01593 0.0592443
3.07876 0.0639984
