-3.14159 0.0759048
-3.07876 0.0770022
-3.01593 0.0753561
-2.9531 0.0793799
-2.89027 0.0775509
-2.82743 0.0826722
-2.7646 0.0784654
-2.70177 0.071698
-2.63894 0.0857815
-2.57611 0.0855986
-2.51327 0.0909028
-2.45044 0.0978531
-2.38761 0.098219
-2.32478 0.100597
-2.26195 0.0973044
-2.19911 0.109742
-2.13628 0.115229
-2.07345 0.118338
-2.01062 0.111571
-1.94779 0.120167
-1.88496 0.122728
-1.82212 0.134982
-1.75929 0.141933
-1.69646 0.145957
-1.63363 0.1487
-1.5708 0.153456
-1.50796 0.157662
-1.44513 0.163881
-1.3823 0.167539
-1.31947 0.16882
-1.25664 0.169551
-1.19381 0.184183
-1.13097 0.196072
-1.06814 0.197535
-1.00531 0.216374
-0.942478 0.216374
-0.879646 0.222959
-0.816814 0.223873
-0.753982 0.241432
-0.69115 0.249663
-0.628319 0.249297
-0.565487 0.257162
-0.502655 0.258991
-0.439823 0.261734
-0.376991 0.262832
-0.314159 0.254235
-0.251327 0.261186
-0.188496 0.275818
-0.125664 0.266124
-0.0628319 0.264661
4.44089e-16 0.251492
0.0628319 0.263746
0.125664 0.256064
0.188496 0.25204
0.251327 0.24637
0.314159 0.240152
0.376991 0.240152
0.439823 0.248931
0.502655 0.225702
0.565487 0.220581
0.628319 0.226251
0.69115 0.199364
0.753982 0.213631
0.816814 0.205949
0.879646 0.210887
0.942478 0.197352
1.00531 0.196621
1.06814 0.189853
1.13097 0.18583
1.19381 0.171563
1.25664 0.164613
1.31947 0.156016
1.3823 0.154187
1.44513 0.152358
1.50796 0.156382
1.5708 0.136263
1.63363 0.141201
1.69646 0.133702
1.75929 0.124923
1.82212 0.121813
1.88496 0.126569
1.94779 0.105535
2.01062 0.11468
2.07345 0.116509
2.13628 0.104072
2.19911 0.104803
2.26195 0.0984019
2.32478 0.0940122
2.38761 0.0980361
2.45044 0.0951096
2.51327 0.0985848
2.57611 0.0898054
2.63894 0.0936464
2.70177 0.0877935
2.7646 0.0894396
2.82743 0.0876106
2.89027 0.0861474
2.9531 0.0861474
3.01593 0.0896225
3.07876 0.0799286
