-3.14159 0.149603
-3.07876 0.175207
-3.01593 0.169903
-2.9531 0.15765
-2.89027 0.159113
-2.82743 0.154724
-2.7646 0.130217
-2.70177 0.13424
-2.63894 0.148505
-2.57611 0.148688
-2.51327 0.141921
-2.45044 0.143019
-2.38761 0.155455
-2.32478 0.136069
-2.26195 0.165148
-2.19911 0.159479
-2.13628 0.154175
-2.07345 0.165697
-2.01062 0.164782
-1.94779 0.164234
-1.88496 0.1646
-1.82212 0.170818
-1.75929 0.154175
-1.69646 0.1646
-1.63363 0.156552
-1.5708 0.146128
-1.50796 0.152529
-1.44513 0.158747
-1.3823 0.159113
-1.31947 0.156735
-1.25664 0.166428
-1.19381 0.152529
-1.13097 0.152529
-1.06814 0.142287
-1.00531 0.150883
-0.942478 0.160393
-0.879646 0.146128
-0.816814 0.145579
-0.753982 0.146128
-0.69115 0.140824
-0.628319 0.154724
-0.565487 0.156004
-0.502655 0.163868
-0.439823 0.187095
-0.376991 0.171366
-0.314159 0.187643
-0.251327 0.182705
-0.188496 0.172098
-0.125664 0.155089
-0.0628319 0.15326
4.44089e-16 0.161308
0.0628319 0.165514
0.125664 0.177036
0.188496 0.160027
0.251327 0.182523
0.314159 0.174476
0.376991 0.158016
0.439823 0.149968
0.502655 0.167526
0.565487 0.164234
0.628319 0.161856
0.69115 0.167343
0.753982 0.153992
0.816814 0.171732
0.879646 0.201909
0.942478 0.186729
1.00531 0.196239
1.06814 0.18618
1.13097 0.17539
1.19381 0.177767
1.25664 0.162405
1.31947 0.153626
1.3823 0.16149
1.44513 0.15893
1.50796 0.176304
1.5708 0.173927
1.63363 0.166428
1.69646 0.152895
1.75929 0.152895
1.82212 0.157467
1.88496 0.152895
1.94779 0.167526
2.01062 0.154541
2.07345 0.157833
2.13628 0.150151
2.19911 0.156552
2.26195 0.147957
2.32478 0.124181
2.38761 0.142653
2.45044 0.150517
2.51327 0.134789
2.57611 0.139727
2.63894 0.144299
2.70177 0.156004
2.7646 0.136435
2.82743 0.141738
2.89027 0.154358
2.9531 0.157467
3.01593 0.16844
3.07876 0.171915
