-3.14159 0.074633
-3.07876 0.0773769
-3.01593 0.0715233
-2.9531 0.0777427
-2.89027 0.0704258
-2.82743 0.0814012
-2.7646 0.0753647
-2.70177 0.0817671
-2.63894 0.0828646
-2.57611 0.0914621
-2.51327 0.0859743
-2.45044 0.0942059
-2.38761 0.0954864
-2.32478 0.100791
-2.26195 0.101889
-2.19911 0.105913
-2.13628 0.113962
-2.07345 0.117803
-2.01062 0.121279
-1.94779 0.131705
-1.88496 0.12384
-1.82212 0.132437
-1.75929 0.141583
-1.69646 0.147071
-1.63363 0.157132
-1.5708 0.16262
-1.50796 0.164449
-1.44513 0.17579
-1.3823 0.172315
-1.31947 0.181461
-1.25664 0.188595
-1.19381 0.184753
-1.13097 0.197924
-1.06814 0.21018
-1.00531 0.212741
-0.942478 0.201948
-0.879646 0.208351
-0.816814 0.214936
-0.753982 0.232314
-0.69115 0.22957
-0.628319 0.241277
-0.565487 0.242557
-0.502655 0.23707
-0.439823 0.239082
-0.376991 0.240362
-0.314159 0.246033
-0.251327 0.255911
-0.188496 0.239448
-0.125664 0.257008
-0.0628319 0.24585
4.44089e-16 0.249326
0.0628319 0.260667
0.125664 0.243655
0.188496 0.250789
0.251327 0.261033
0.314159 0.249326
0.376991 0.248594
0.439823 0.24274
0.502655 0.243106
0.565487 0.225545
0.628319 0.228472
0.69115 0.231582
0.753982 0.232497
0.816814 0.222984
0.879646 0.221155
0.942478 0.205241
1.00531 0.21018
1.06814 0.213655
1.13097 0.189509
1.19381 0.186766
1.25664 0.184936
1.31947 0.183107
1.3823 0.173595
1.44513 0.1639
1.50796 0.152925
1.5708 0.139571
1.63363 0.140486
1.69646 0.143047
1.75929 0.13134
1.82212 0.124388
1.88496 0.12073
1.94779 0.119267
2.01062 0.115425
2.07345 0.105364
2.13628 0.106462
2.19911 0.0958522
2.26195 0.104633
2.32478 0.0914621
2.38761 0.0883523
2.45044 0.0841451
2.51327 0.0872548
2.57611 0.0861573
2.63894 0.0806695
2.70177 0.0757306
2.7646 0.0764623
2.82743 0.0751818
2.89027 0.0766452
2.9531 0.0814012
3.01593 0.0735355
3.07876 0.0784744
