0 0.0976163
8.14159 0.0163689
16.2832 0.00366785
24.4248 0.00085018
32.5664 0.000187574
40.708 4.35543e-05
48.8496 9.29159e-06
56.9911 4.64579e-06
65.1327 5.80724e-07
73.2743 0
81.4159 0
89.5575 0
97.6991 0
105.841 0
113.982 0
122.124 0
130.265 0
138.407 0
146.549 0
154.69 0
162.832 0
170.973 0
179.115 0
187.257 0
195.398 0
203.54 0
211.681 0
219.823 0
227.965 0
236.106 0
244.248 0
252.389 0
260.531 0
268.673 0
276.814 0
284.956 0
293.097 0
301.239 0
309.381 0
317.522 0
325.664 0
333.805 0
341.947 0
350.088 0
358.23 0
366.372 0
374.513 0
382.655 0
390.796 0
398.938 0
407.08 0
415.221 0
423.363 0
431.504 0
439.646 0
447.788 0
455.929 0
464.071 0
472.212 0
480.354 0
488.496 0
496.637 0
504.779 0
512.92 0
521.062 0
529.204 0
537.345 0
545.487 0
553.628 0
561.77 0
569.911 0
578.053 0
586.195 0
594.336 0
602.478 0
610.619 0
618.761 0
626.903 0
635.044 0
643.186 0
651.327 0
659.469 0
667.611 0
675.752 0
683.894 0
692.035 0
700.177 0
708.319 0
716.46 0
724.602 0
732.743 0
740.885 0
749.027 0
757.168 0
765.31 0
773.451 0
781.593 0
789.734 0
797.876 0
806.018 0
814.159 0
822.301 0
830.442 0
838.584 0
846.726 0
854.867 0
863.009 0
871.15 0
879.292 0
887.434 0
895.575 0
903.717 0
911.858 0
920 0
928.142 0
936.283 0
944.425 0
952.566 0
960.708 0
968.85 0
976.991 0
985.133 0
993.274 0
1001.42 0
1009.56 0
1017.7 0
1025.84 0
1033.98 0
1042.12 0
1050.27 0
1058.41 0
1066.55 0
1074.69 0
1082.83 0
1090.97 0
1099.12 0
1107.26 0
1115.4 0
1123.54 0
1131.68 0
1139.82 0
1147.96 0
1156.11 0
1164.25 0
1172.39 0
1180.53 0
1188.67 0
1196.81 0
1204.96 0
1213.1 0
1221.24 0
1229.38 0
1237.52 0
1245.66 0
1253.81 0
1261.95 0
1270.09 0
1278.23 0
1286.37 0
1294.51 0
1302.65 0
1310.8 0
1318.94 0
1327.08 0
1335.22 0
1343.36 0
1351.5 0
1359.65 0
1367.79 0
1375.93 0
1384.07 0
1392.21 0
1400.35 0
1408.5 0
1416.64 0
1424.78 0
1432.92 0
1441.06 0
1449.2 0
1457.35 0
1465.49 0
1473.63 0
1481.77 0
1489.91 0
1498.05 0
1506.19 0
1514.34 0
1522.48 0
1530.62 0
1538.76 0
1546.9 0
1555.04 0
1563.19 0
1571.33 0
1579.47 0
1587.61 0
1595.75 0
1603.89 0
1612.04 0
1620.18 0
1628.32 0
1636.46 0
1644.6 0
1652.74 0
1660.88 0
1669.03 0
1677.17 0
1685.31 0
1693.45 0
1701.59 0
1709.73 0
1717.88 0
1726.02 0
1734.16 0
1742.3 0
1750.44 0
1758.58 0
1766.73 0
1774.87 0
1783.01 0
1791.15 0
1799.29 0
1807.43 0
1815.58 0
1823.72 0
1831.86 0
1840 0
1848.14 0
1856.28 0
1864.42 0
1872.57 0
1880.71 0
1888.85 0
1896.99 0
1905.13 0
1913.27 0
1921.42 0
1929.56 0
1937.7 0
1945.84 0
1953.98 0
1962.12 0
1970.27 0
1978.41 0
1986.55 0
1994.69 0
2002.83 0
2010.97 0
2019.11 0
2027.26 0
2035.4 0
2043.54 0
2051.68 0
2059.82 0
2067.96 0
2076.11 0
2084.25 0
2092.39 0
2100.53 0
2108.67 0
2116.81 0
2124.96 0
2133.1 0
2141.24 0
2149.38 0
2157.52 0
2165.66 0
2173.81 0
2181.95 0
2190.09 0
2198.23 0
2206.37 0
2214.51 0
2222.65 0
2230.8 0
2238.94 0
2247.08 0
2255.22 0
2263.36 0
2271.5 0
2279.65 0
2287.79 0
2295.93 0
2304.07 0
2312.21 0
2320.35 0
2328.5 0
2336.64 0
2344.78 0
2352.92 0
2361.06 0
2369.2 0
2377.35 0
2385.49 0
2393.63 0
2401.77 0
2409.91 0
2418.05 0
2426.19 0
2434.34 0
2442.48 0
2450.62 0
2458.76 0
2466.9 0
2475.04 0
2483.19 0
2491.33 0
2499.47 0
2507.61 0
2515.75 0
2523.89 0
2532.04 0
2540.18 0
2548.32 0
2556.46 0
2564.6 0
2572.74 0
2580.88 0
2589.03 0
2597.17 0
2605.31 0
2613.45 0
2621.59 0
2629.73 0
2637.88 0
2646.02 0
2654.16 0
2662.3 0
2670.44 0
2678.58 0
2686.73 0
2694.87 0
2703.01 0
2711.15 0
2719.29 0
2727.43 0
2735.58 0
2743.72 0
2751.86 0
2760 0
2768.14 0
2776.28 0
2784.42 0
2792.57 0
2800.71 0
2808.85 0
2816.99 0
2825.13 0
2833.27 0
2841.42 0
2849.56 0
2857.7 0
2865.84 0
2873.98 0
2882.12 0
2890.27 0
2898.41 0
2906.55 0
2914.69 0
2922.83 0
2930.97 0
2939.11 0
2947.26 0
2955.4 0
2963.54 0
2971.68 0
2979.82 0
2987.96 0
2996.11 0
3004.25 0
3012.39 0
3020.53 0
3028.67 0
3036.81 0
3044.96 0
3053.1 0
3061.24 0
3069.38 0
3077.52 0
3085.66 0
3093.81 0
3101.95 0
3110.09 0
3118.23 0
3126.37 0
3134.51 0
3142.65 0
3150.8 0
3158.94 0
3167.08 0
3175.22 0
3183.36 0
3191.5 0
3199.65 0
3207.79 0
3215.93 0
3224.07 0
3232.21 0
3240.35 0
3248.5 0
3256.64 0
3264.78 0
3272.92 0
3281.06 0
3289.2 0
3297.35 0
3305.49 0
3313.63 0
3321.77 0
3329.91 0
3338.05 0
3346.19 0
3354.34 0
3362.48 0
3370.62 0
3378.76 0
3386.9 0
3395.04 0
3403.19 0
3411.33 0
3419.47 0
3427.61 0
3435.75 0
3443.89 0
3452.04 0
3460.18 0
3468.32 0
3476.46 0
3484.6 0
3492.74 0
3500.88 0
3509.03 0
3517.17 0
3525.31 0
3533.45 0
3541.59 0
3549.73 0
3557.88 0
3566.02 0
3574.16 0
3582.3 0
3590.44 0
3598.58 0
3606.73 0
3614.87 0
3623.01 0
3631.15 0
3639.29 0
3647.43 0
3655.58 0
3663.72 0
3671.86 0
3680 0
3688.14 0
3696.28 0
3704.42 0
3712.57 0
3720.71 0
3728.85 0
3736.99 0
3745.13 0
3753.27 0
3761.42 0
3769.56 0
3777.7 0
3785.84 0
3793.98 0
3802.12 0
3810.27 0
3818.41 0
3826.55 0
3834.69 0
3842.83 0
3850.97 0
3859.11 0
3867.26 0
3875.4 0
3883.54 0
3891.68 0
3899.82 0
3907.96 0
3916.11 0
3924.25 0
3932.39 0
3940.53 0
3948.67 0
3956.81 0
3964.96 0
3973.1 0
3981.24 0
3989.38 0
3997.52 0
4005.66 0
4013.81 0
4021.95 0
4030.09 0
4038.23 0
4046.37 0
4054.51 0
4062.65 0
4070.8 0
4078.94 0
4087.08 0
4095.22 0
4103.36 0
4111.5 0
4119.65 0
4127.79 0
4135.93 0
4144.07 0
4152.21 0
4160.35 0
4168.5 0
4176.64 0
4184.78 0
4192.92 0
4201.06 0
4209.2 0
4217.34 0
4225.49 0
4233.63 0
4241.77 0
4249.91 0
4258.05 0
4266.19 0
4274.34 0
4282.48 0
4290.62 0
4298.76 0
4306.9 0
4315.04 0
4323.19 0
4331.33 0
4339.47 0
4347.61 0
4355.75 0
4363.89 0
4372.04 0
4380.18 0
4388.32 0
4396.46 0
4404.6 0
4412.74 0
4420.88 0
4429.03 0
4437.17 0
4445.31 0
4453.45 0
4461.59 0
4469.73 0
4477.88 0
4486.02 0
4494.16 0
4502.3 0
4510.44 0
4518.58 0
4526.73 0
4534.87 0
4543.01 0
4551.15 0
4559.29 0
4567.43 0
4575.58 0
4583.72 0
4591.86 0
4600 0
4608.14 0
4616.28 0
4624.42 0
4632.57 0
4640.71 0
4648.85 0
4656.99 0
4665.13 0
4673.27 0
4681.42 0
4689.56 0
4697.7 0
4705.84 0
4713.98 0
4722.12 0
4730.27 0
4738.41 0
4746.55 0
4754.69 0
4762.83 0
4770.97 0
4779.11 0
4787.26 0
4795.4 0
4803.54 0
4811.68 0
4819.82 0
4827.96 0
4836.11 0
4844.25 0
4852.39 0
4860.53 0
4868.67 0
4876.81 0
4884.96 0
4893.1 0
4901.24 0
4909.38 0
4917.52 0
4925.66 0
4933.81 0
4941.95 0
4950.09 0
4958.23 0
4966.37 0
4974.51 0
4982.65 0
4990.8 0
4998.94 0
5007.08 0
5015.22 0
5023.36 0
5031.5 0
5039.65 0
5047.79 0
5055.93 0
5064.07 0
5072.21 0
5080.35 0
5088.5 0
5096.64 0
5104.78 0
5112.92 0
5121.06 0
5129.2 0
5137.34 0
5145.49 0
5153.63 0
5161.77 0
5169.91 0
5178.05 0
5186.19 0
5194.34 0
5202.48 0
5210.62 0
5218.76 0
5226.9 0
5235.04 0
5243.19 0
5251.33 0
5259.47 0
5267.61 0
5275.75 0
5283.89 0
5292.04 0
5300.18 0
5308.32 0
5316.46 0
5324.6 0
5332.74 0
5340.88 0
5349.03 0
5357.17 0
5365.31 0
5373.45 0
5381.59 0
5389.73 0
5397.88 0
5406.02 0
5414.16 0
5422.3 0
5430.44 0
5438.58 0
5446.73 0
5454.87 0
5463.01 0
5471.15 0
5479.29 0
5487.43 0
5495.58 0
5503.72 0
5511.86 0
5520 0
5528.14 0
5536.28 0
5544.42 0
5552.57 0
5560.71 0
5568.85 0
5576.99 0
5585.13 0
5593.27 0
5601.42 0
5609.56 0
5617.7 0
5625.84 0
5633.98 0
5642.12 0
5650.27 0
5658.41 0
5666.55 0
5674.69 0
5682.83 0
5690.97 0
5699.11 0
5707.26 0
5715.4 0
5723.54 0
5731.68 0
5739.82 0
5747.96 0
5756.11 0
5764.25 0
5772.39 0
5780.53 0
5788.67 0
5796.81 0
5804.96 0
5813.1 0
5821.24 0
5829.38 0
5837.52 0
5845.66 0
5853.81 0
5861.95 0
5870.09 0
5878.23 0
5886.37 0
5894.51 0
5902.65 0
5910.8 0
5918.94 0
5927.08 0
5935.22 0
5943.36 0
5951.5 0
5959.65 0
5967.79 0
5975.93 0
5984.07 0
5992.21 0
6000.35 0
6008.5 0
6016.64 0
6024.78 0
6032.92 0
6041.06 0
6049.2 0
6057.34 0
6065.49 0
6073.63 0
6081.77 0
6089.91 0
6098.05 0
6106.19 0
6114.34 0
6122.48 0
6130.62 0
6138.76 0
6146.9 0
6155.04 0
6163.19 0
6171.33 0
6179.47 0
6187.61 0
6195.75 0
6203.89 0
6212.04 0
6220.18 0
6228.32 0
6236.46 0
6244.6 0
6252.74 0
6260.88 0
6269.03 0
6277.17 0
6285.31 0
6293.45 0
6301.59 0
6309.73 0
6317.88 0
6326.02 0
6334.16 0
6342.3 0
6350.44 0
6358.58 0
6366.73 0
6374.87 0
6383.01 0
6391.15 0
6399.29 0
6407.43 0
6415.58 0
6423.72 0
6431.86 0
6440 0
6448.14 0
6456.28 0
6464.42 0
6472.57 0
6480.71 0
6488.85 0
6496.99 0
6505.13 0
6513.27 0
6521.42 0
6529.56 0
6537.7 0
6545.84 0
6553.98 0
6562.12 0
6570.27 0
6578.41 0
6586.55 0
6594.69 0
6602.83 0
6610.97 0
6619.11 0
6627.26 0
6635.4 0
6643.54 0
6651.68 0
6659.82 0
6667.96 0
6676.11 0
6684.25 0
6692.39 0
6700.53 0
6708.67 0
6716.81 0
6724.96 0
6733.1 0
6741.24 0
6749.38 0
6757.52 0
6765.66 0
6773.81 0
6781.95 0
6790.09 0
6798.23 0
6806.37 0
6814.51 0
6822.65 0
6830.8 0
6838.94 0
6847.08 0
6855.22 0
6863.36 0
6871.5 0
6879.65 0
6887.79 0
6895.93 0
6904.07 0
6912.21 0
6920.35 0
6928.5 0
6936.64 0
6944.78 0
6952.92 0
6961.06 0
6969.2 0
6977.34 0
6985.49 0
6993.63 0
7001.77 0
7009.91 0
7018.05 0
7026.19 0
7034.34 0
7042.48 0
7050.62 0
7058.76 0
7066.9 0
7075.04 0
7083.19 0
7091.33 0
7099.47 0
7107.61 0
7115.75 0
7123.89 0
7132.04 0
7140.18 0
7148.32 0
7156.46 0
7164.6 0
7172.74 0
7180.88 0
7189.03 0
7197.17 0
7205.31 0
7213.45 0
7221.59 0
7229.73 0
7237.88 0
7246.02 0
7254.16 0
7262.3 0
7270.44 0
7278.58 0
7286.73 0
7294.87 0
7303.01 0
7311.15 0
7319.29 0
7327.43 0
7335.57 0
7343.72 0
7351.86 0
7360 0
7368.14 0
7376.28 0
7384.42 0
7392.57 0
7400.71 0
7408.85 0
7416.99 0
7425.13 0
7433.27 0
7441.42 0
7449.56 0
7457.7 0
7465.84 0
7473.98 0
7482.12 0
7490.27 0
7498.41 0
7506.55 0
7514.69 0
7522.83 0
7530.97 0
7539.11 0
7547.26 0
7555.4 0
7563.54 0
7571.68 0
7579.82 0
7587.96 0
7596.11 0
7604.25 0
7612.39 0
7620.53 0
7628.67 0
7636.81 0
7644.96 0
7653.1 0
7661.24 0
7669.38 0
7677.52 0
7685.66 0
7693.81 0
7701.95 0
7710.09 0
7718.23 0
7726.37 0
7734.51 0
7742.65 0
7750.8 0
7758.94 0
7767.08 0
7775.22 0
7783.36 0
7791.5 0
7799.65 0
7807.79 0
7815.93 0
7824.07 0
7832.21 0
7840.35 0
7848.5 0
7856.64 0
7864.78 0
7872.92 0
7881.06 0
7889.2 0
7897.34 0
7905.49 0
7913.63 0
7921.77 0
7929.91 0
7938.05 0
7946.19 0
7954.34 0
7962.48 0
7970.62 0
7978.76 0
7986.9 0
7995.04 0
8003.19 0
8011.33 0
8019.47 0
8027.61 0
8035.75 0
8043.89 0
8052.04 0
8060.18 0
8068.32 0
8076.46 0
8084.6 0
8092.74 0
8100.88 0
8109.03 0
8117.17 0
8125.31 0
8133.45 0
8141.59 0
8149.73 0
8157.88 0
8166.02 0
8174.16 0
8182.3 0
8190.44 0
8198.58 0
8206.73 0
8214.87 0
8223.01 0
8231.15 0
8239.29 0
8247.43 0
8255.57 0
8263.72 0
8271.86 0
8280 0
8288.14 0
8296.28 0
8304.42 0
8312.57 0
8320.71 0
8328.85 0
8336.99 0
8345.13 0
8353.27 0
8361.42 0
8369.56 0
8377.7 0
8385.84 0
8393.98 0
8402.12 0
8410.27 0
8418.41 0
8426.55 0
8434.69 0
8442.83 0
8450.97 0
8459.11 0
8467.26 0
8475.4 0
8483.54 0
8491.68 0
8499.82 0
8507.96 0
8516.11 0
8524.25 0
8532.39 0
8540.53 0
8548.67 0
8556.81 0
8564.96 0
8573.1 0
8581.24 0
8589.38 0
8597.52 0
8605.66 0
8613.81 0
8621.95 0
8630.09 0
8638.23 0
8646.37 0
8654.51 0
8662.65 0
8670.8 0
8678.94 0
8687.08 0
8695.22 0
8703.36 0
8711.5 0
8719.65 0
8727.79 0
8735.93 0
8744.07 0
8752.21 0
8760.35 0
8768.5 0
8776.64 0
8784.78 0
8792.92 0
8801.06 0
8809.2 0
8817.34 0
8825.49 0
8833.63 0
8841.77 0
8849.91 0
8858.05 0
8866.19 0
8874.34 0
8882.48 0
8890.62 0
8898.76 0
8906.9 0
8915.04 0
8923.19 0
8931.33 0
8939.47 0
8947.61 0
8955.75 0
8963.89 0
8972.04 0
8980.18 0
8988.32 0
8996.46 0
9004.6 0
9012.74 0
9020.88 0
9029.03 0
9037.17 0
9045.31 0
9053.45 0
9061.59 0
9069.73 0
9077.88 0
9086.02 0
9094.16 0
9102.3 0
9110.44 0
9118.58 0
9126.73 0
9134.87 0
9143.01 0
9151.15 0
9159.29 0
9167.43 0
9175.57 0
9183.72 0
9191.86 0
9200 0
9208.14 0
9216.28 0
9224.42 0
9232.57 0
9240.71 0
9248.85 0
9256.99 0
9265.13 0
9273.27 0
9281.42 0
9289.56 0
9297.7 0
9305.84 0
9313.98 0
9322.12 0
9330.27 0
9338.41 0
9346.55 0
9354.69 0
9362.83 0
9370.97 0
9379.11 0
9387.26 0
9395.4 0
9403.54 0
9411.68 0
9419.82 0
9427.96 0
9436.11 0
9444.25 0
9452.39 0
9460.53 0
9468.67 0
9476.81 0
9484.96 0
9493.1 0
9501.24 0
9509.38 0
9517.52 0
9525.66 0
9533.8 0
9541.95 0
9550.09 0
9558.23 0
9566.37 0
9574.51 0
9582.65 0
9590.8 0
9598.94 0
9607.08 0
9615.22 0
9623.36 0
9631.5 0
9639.65 0
9647.79 0
9655.93 0
9664.07 0
9672.21 0
9680.35 0
9688.5 0
9696.64 0
9704.78 0
9712.92 0
9721.06 0
9729.2 0
9737.34 0
9745.49 0
9753.63 0
9761.77 0
9769.91 0
9778.05 0
9786.19 0
9794.34 0
9802.48 0
9810.62 0
9818.76 0
9826.9 0
9835.04 0
9843.19 0
9851.33 0
9859.47 0
9867.61 0
9875.75 0
9883.89 0
9892.04 0
9900.18 0
9908.32 0
9916.46 0
9924.6 0
9932.74 0
9940.88 0
9949.03 0
9957.17 0
9965.31 0
9973.45 0
9981.59 0
9989.73 0
9997.88 0
10006 0
10014.2 0
10022.3 0
10030.4 0
10038.6 0
10046.7 0
10054.9 0
10063 0
10071.2 0
10079.3 0
10087.4 0
10095.6 0
10103.7 0
10111.9 0
10120 0
10128.1 0
10136.3 0
10144.4 0
10152.6 0
10160.7 0
10168.8 0
10177 0
10185.1 0
10193.3 0
10201.4 0
10209.6 0
10217.7 0
10225.8 0
10234 0
10242.1 0
10250.3 0
10258.4 0
10266.5 0
10274.7 0
10282.8 0
10291 0
10299.1 0
10307.3 0
10315.4 0
10323.5 0
10331.7 0
10339.8 0
10348 0
10356.1 0
10364.2 0
10372.4 0
10380.5 0
10388.7 0
10396.8 0
10405 0
10413.1 0
10421.2 0
10429.4 0
10437.5 0
10445.7 0
10453.8 0
10461.9 0
10470.1 0
10478.2 0
10486.4 0
10494.5 0
10502.7 0
10510.8 0
10518.9 0
10527.1 0
10535.2 0
10543.4 0
10551.5 0
10559.6 0
10567.8 0
10575.9 0
10584.1 0
10592.2 0
10600.4 0
10608.5 0
10616.6 0
10624.8 0
10632.9 0
10641.1 0
10649.2 0
10657.3 0
10665.5 0
10673.6 0
10681.8 0
10689.9 0
10698.1 0
10706.2 0
10714.3 0
10722.5 0
10730.6 0
10738.8 0
10746.9 0
10755 0
10763.2 0
10771.3 0
10779.5 0
10787.6 0
10795.8 0
10803.9 0
10812 0
10820.2 0
10828.3 0
10836.5 0
10844.6 0
10852.7 0
10860.9 0
10869 0
10877.2 0
10885.3 0
10893.5 0
10901.6 0
10909.7 0
10917.9 0
10926 0
10934.2 0
10942.3 0
10950.4 0
10958.6 0
10966.7 0
10974.9 0
10983 0
10991.2 0
10999.3 0
11007.4 0
11015.6 0
11023.7 0
11031.9 0
11040 0
11048.1 0
11056.3 0
11064.4 0
11072.6 0
11080.7 0
11088.8 0
11097 0
11105.1 0
11113.3 0
11121.4 0
11129.6 0
11137.7 0
11145.8 0
11154 0
11162.1 0
11170.3 0
11178.4 0
11186.5 0
11194.7 0
11202.8 0
11211 0
11219.1 0
11227.3 0
11235.4 0
11243.5 0
11251.7 0
11259.8 0
11268 0
11276.1 0
11284.2 0
11292.4 0
11300.5 0
11308.7 0
11316.8 0
11325 0
11333.1 0
11341.2 0
11349.4 0
11357.5 0
11365.7 0
11373.8 0
11381.9 0
11390.1 0
11398.2 0
11406.4 0
11414.5 0
11422.7 0
11430.8 0
11438.9 0
11447.1 0
11455.2 0
11463.4 0
11471.5 0
11479.6 0
11487.8 0
11495.9 0
11504.1 0
11512.2 0
11520.4 0
11528.5 0
11536.6 0
11544.8 0
11552.9 0
11561.1 0
11569.2 0
11577.3 0
11585.5 0
11593.6 0
11601.8 0
11609.9 0
11618.1 0
11626.2 0
11634.3 0
11642.5 0
11650.6 0
11658.8 0
11666.9 0
11675 0
11683.2 0
11691.3 0
11699.5 0
11707.6 0
11715.8 0
11723.9 0
11732 0
11740.2 0
11748.3 0
11756.5 0
11764.6 0
11772.7 0
11780.9 0
11789 0
11797.2 0
11805.3 0
11813.5 0
11821.6 0
11829.7 0
11837.9 0
11846 0
11854.2 0
11862.3 0
11870.4 0
11878.6 0
11886.7 0
11894.9 0
11903 0
11911.2 0
11919.3 0
11927.4 0
11935.6 0
11943.7 0
11951.9 0
11960 0
11968.1 0
11976.3 0
11984.4 0
11992.6 0
12000.7 0
12008.8 0
12017 0
12025.1 0
12033.3 0
12041.4 0
12049.6 0
12057.7 0
12065.8 0
12074 0
12082.1 0
12090.3 0
12098.4 0
12106.5 0
12114.7 0
12122.8 0
12131 0
12139.1 0
12147.3 0
12155.4 0
12163.5 0
12171.7 0
12179.8 0
12188 0
12196.1 0
12204.2 0
12212.4 0
12220.5 0
12228.7 0
12236.8 0
12245 0
12253.1 0
12261.2 0
12269.4 0
12277.5 0
12285.7 0
12293.8 0
12301.9 0
12310.1 0
12318.2 0
12326.4 0
12334.5 0
12342.7 0
12350.8 0
12358.9 0
12367.1 0
12375.2 0
12383.4 0
12391.5 0
12399.6 0
12407.8 0
12415.9 0
12424.1 0
12432.2 0
12440.4 0
12448.5 0
12456.6 0
12464.8 0
12472.9 0
12481.1 0
12489.2 0
12497.3 0
12505.5 0
12513.6 0
12521.8 0
12529.9 0
12538.1 0
12546.2 0
12554.3 0
12562.5 0
12570.6 0
12578.8 0
12586.9 0
12595 0
12603.2 0
12611.3 0
12619.5 0
12627.6 0
12635.8 0
12643.9 0
12652 0
12660.2 0
12668.3 0
12676.5 0
12684.6 0
12692.7 0
12700.9 0
12709 0
12717.2 0
12725.3 0
12733.5 0
12741.6 0
12749.7 0
12757.9 0
12766 0
12774.2 0
12782.3 0
12790.4 0
12798.6 0
12806.7 0
12814.9 0
12823 0
12831.2 0
12839.3 0
12847.4 0
12855.6 0
12863.7 0
12871.9 0
12880 0
12888.1 0
12896.3 0
12904.4 0
12912.6 0
12920.7 0
12928.8 0
12937 0
12945.1 0
12953.3 0
12961.4 0
12969.6 0
12977.7 0
12985.8 0
12994 0
13002.1 0
13010.3 0
13018.4 0
13026.5 0
13034.7 0
13042.8 0
13051 0
13059.1 0
13067.3 0
13075.4 0
13083.5 0
13091.7 0
13099.8 0
13108 0
13116.1 0
13124.2 0
13132.4 0
13140.5 0
13148.7 0
13156.8 0
13165 0
13173.1 0
13181.2 0
13189.4 0
13197.5 0
13205.7 0
13213.8 0
13221.9 0
13230.1 0
13238.2 0
13246.4 0
13254.5 0
13262.7 0
13270.8 0
13278.9 0
13287.1 0
13295.2 0
13303.4 0
13311.5 0
13319.6 0
13327.8 0
13335.9 0
13344.1 0
13352.2 0
13360.4 0
13368.5 0
13376.6 0
13384.8 0
13392.9 0
13401.1 0
13409.2 0
13417.3 0
13425.5 0
13433.6 0
13441.8 0
13449.9 0
13458.1 0
13466.2 0
13474.3 0
13482.5 0
13490.6 0
13498.8 0
13506.9 0
13515 0
13523.2 0
13531.3 0
13539.5 0
13547.6 0
13555.8 0
13563.9 0
13572 0
13580.2 0
13588.3 0
13596.5 0
13604.6 0
13612.7 0
13620.9 0
13629 0
13637.2 0
13645.3 0
13653.5 0
13661.6 0
13669.7 0
13677.9 0
13686 0
13694.2 0
13702.3 0
13710.4 0
13718.6 0
13726.7 0
13734.9 0
13743 0
13751.1 0
13759.3 0
13767.4 0
13775.6 0
13783.7 0
13791.9 0
13800 0
13808.1 0
13816.3 0
13824.4 0
13832.6 0
13840.7 0
13848.8 0
13857 0
13865.1 0
13873.3 0
13881.4 0
13889.6 0
13897.7 0
13905.8 0
13914 0
13922.1 0
13930.3 0
13938.4 0
13946.5 0
13954.7 0
13962.8 0
13971 0
13979.1 0
13987.3 0
13995.4 0
14003.5 0
14011.7 0
14019.8 0
14028 0
14036.1 0
14044.2 0
14052.4 0
14060.5 0
14068.7 0
14076.8 0
14085 0
14093.1 0
14101.2 0
14109.4 0
14117.5 0
14125.7 0
14133.8 0
14141.9 0
14150.1 0
14158.2 0
14166.4 0
14174.5 0
14182.7 0
14190.8 0
14198.9 0
14207.1 0
14215.2 0
14223.4 0
14231.5 0
14239.6 0
14247.8 0
14255.9 0
14264.1 0
14272.2 0
14280.4 0
14288.5 0
14296.6 0
14304.8 0
14312.9 0
14321.1 0
14329.2 0
14337.3 0
14345.5 0
14353.6 0
14361.8 0
14369.9 0
14378.1 0
14386.2 0
14394.3 0
14402.5 0
14410.6 0
14418.8 0
14426.9 0
14435 0
14443.2 0
14451.3 0
14459.5 0
14467.6 0
14475.8 0
14483.9 0
14492 0
14500.2 0
14508.3 0
14516.5 0
14524.6 0
14532.7 0
14540.9 0
14549 0
14557.2 0
14565.3 0
14573.5 0
14581.6 0
14589.7 0
14597.9 0
14606 0
14614.2 0
14622.3 0
14630.4 0
14638.6 0
14646.7 0
14654.9 0
14663 0
14671.1 0
14679.3 0
14687.4 0
14695.6 0
14703.7 0
14711.9 0
14720 0
14728.1 0
14736.3 0
14744.4 0
14752.6 0
14760.7 0
14768.8 0
14777 0
14785.1 0
14793.3 0
14801.4 0
14809.6 0
14817.7 0
14825.8 0
14834 0
14842.1 0
14850.3 0
14858.4 0
14866.5 0
14874.7 0
14882.8 0
14891 0
14899.1 0
14907.3 0
14915.4 0
14923.5 0
14931.7 0
14939.8 0
14948 0
14956.1 0
14964.2 0
14972.4 0
14980.5 0
14988.7 0
14996.8 0
15005 0
15013.1 0
15021.2 0
15029.4 0
15037.5 0
15045.7 0
15053.8 0
15061.9 0
15070.1 0
15078.2 0
15086.4 0
15094.5 0
15102.7 0
15110.8 0
15118.9 0
15127.1 0
15135.2 0
15143.4 0
15151.5 0
15159.6 0
15167.8 0
15175.9 0
15184.1 0
15192.2 0
15200.4 0
15208.5 0
15216.6 0
15224.8 0
15232.9 0
15241.1 0
15249.2 0
15257.3 0
15265.5 0
15273.6 0
15281.8 0
15289.9 0
15298.1 0
15306.2 0
15314.3 0
15322.5 0
15330.6 0
15338.8 0
15346.9 0
15355 0
15363.2 0
15371.3 0
15379.5 0
15387.6 0
15395.8 0
15403.9 0
15412 0
15420.2 0
15428.3 0
15436.5 0
15444.6 0
15452.7 0
15460.9 0
15469 0
15477.2 0
15485.3 0
15493.5 0
15501.6 0
15509.7 0
15517.9 0
15526 0
15534.2 0
15542.3 0
15550.4 0
15558.6 0
15566.7 0
15574.9 0
15583 0
15591.1 0
15599.3 0
15607.4 0
15615.6 0
15623.7 0
15631.9 0
15640 0
15648.1 0
15656.3 0
15664.4 0
15672.6 0
15680.7 0
15688.8 0
15697 0
15705.1 0
15713.3 0
15721.4 0
15729.6 0
15737.7 0
15745.8 0
15754 0
15762.1 0
15770.3 0
15778.4 0
15786.5 0
15794.7 0
15802.8 0
15811 0
15819.1 0
15827.3 0
15835.4 0
15843.5 0
15851.7 0
15859.8 0
15868 0
15876.1 0
15884.2 0
15892.4 0
15900.5 0
15908.7 0
15916.8 0
15925 0
15933.1 0
15941.2 0
15949.4 0
15957.5 0
15965.7 0
15973.8 0
15981.9 0
15990.1 0
15998.2 0
16006.4 0
16014.5 0
16022.7 0
16030.8 0
16038.9 0
16047.1 0
16055.2 0
16063.4 0
16071.5 0
16079.6 0
16087.8 0
16095.9 0
16104.1 0
16112.2 0
16120.4 0
16128.5 0
16136.6 0
16144.8 0
16152.9 0
16161.1 0
16169.2 0
16177.3 0
16185.5 0
16193.6 0
16201.8 0
16209.9 0
16218.1 0
16226.2 0
16234.3 0
16242.5 0
16250.6 0
16258.8 0
16266.9 0
16275 0
16283.2 0
16291.3 0
16299.5 0
16307.6 0
16315.8 0
16323.9 0
16332 0
16340.2 0
16348.3 0
16356.5 0
16364.6 0
16372.7 0
16380.9 0
16389 0
16397.2 0
16405.3 0
16413.5 0
16421.6 0
16429.7 0
16437.9 0
16446 0
16454.2 0
16462.3 0
16470.4 0
16478.6 0
16486.7 0
16494.9 0
16503 0
16511.1 0
16519.3 0
16527.4 0
16535.6 0
16543.7 0
16551.9 0
16560 0
16568.1 0
16576.3 0
16584.4 0
16592.6 0
16600.7 0
16608.8 0
16617 0
16625.1 0
16633.3 0
16641.4 0
16649.6 0
16657.7 0
16665.8 0
16674 0
16682.1 0
16690.3 0
16698.4 0
16706.5 0
16714.7 0
16722.8 0
16731 0
16739.1 0
16747.3 0
16755.4 0
16763.5 0
16771.7 0
16779.8 0
16788 0
16796.1 0
16804.2 0
16812.4 0
16820.5 0
16828.7 0
16836.8 0
16845 0
16853.1 0
16861.2 0
16869.4 0
16877.5 0
16885.7 0
16893.8 0
16901.9 0
16910.1 0
16918.2 0
16926.4 0
16934.5 0
16942.7 0
16950.8 0
16958.9 0
16967.1 0
16975.2 0
16983.4 0
16991.5 0
16999.6 0
17007.8 0
17015.9 0
17024.1 0
17032.2 0
17040.4 0
17048.5 0
17056.6 0
17064.8 0
17072.9 0
17081.1 0
17089.2 0
17097.3 0
17105.5 0
17113.6 0
17121.8 0
17129.9 0
17138.1 0
17146.2 0
17154.3 0
17162.5 0
17170.6 0
17178.8 0
17186.9 0
17195 0
17203.2 0
17211.3 0
17219.5 0
17227.6 0
17235.8 0
17243.9 0
17252 0
17260.2 0
17268.3 0
17276.5 0
17284.6 0
17292.7 0
17300.9 0
17309 0
17317.2 0
17325.3 0
17333.5 0
17341.6 0
17349.7 0
17357.9 0
17366 0
17374.2 0
17382.3 0
17390.4 0
17398.6 0
17406.7 0
17414.9 0
17423 0
17431.1 0
17439.3 0
17447.4 0
17455.6 0
17463.7 0
17471.9 0
17480 0
17488.1 0
17496.3 0
17504.4 0
17512.6 0
17520.7 0
17528.8 0
17537 0
17545.1 0
17553.3 0
17561.4 0
17569.6 0
17577.7 0
17585.8 0
17594 0
17602.1 0
17610.3 0
17618.4 0
17626.5 0
17634.7 0
17642.8 0
17651 0
17659.1 0
17667.3 0
17675.4 0
17683.5 0
17691.7 0
17699.8 0
17708 0
17716.1 0
17724.2 0
17732.4 0
17740.5 0
17748.7 0
17756.8 0
17765 0
17773.1 0
17781.2 0
17789.4 0
17797.5 0
17805.7 0
17813.8 0
17821.9 0
17830.1 0
17838.2 0
17846.4 0
17854.5 0
17862.7 0
17870.8 0
17878.9 0
17887.1 0
17895.2 0
17903.4 0
17911.5 0
17919.6 0
17927.8 0
17935.9 0
17944.1 0
17952.2 0
17960.4 0
17968.5 0
17976.6 0
17984.8 0
17992.9 0
18001.1 0
18009.2 0
18017.3 0
18025.5 0
18033.6 0
18041.8 0
18049.9 0
18058.1 0
18066.2 0
18074.3 0
18082.5 0
18090.6 0
18098.8 0
18106.9 0
18115 0
18123.2 0
18131.3 0
18139.5 0
18147.6 0
18155.8 0
18163.9 0
18172 0
18180.2 0
18188.3 0
18196.5 0
18204.6 0
18212.7 0
18220.9 0
18229 0
18237.2 0
18245.3 0
18253.5 0
18261.6 0
18269.7 0
18277.9 0
18286 0
18294.2 0
18302.3 0
18310.4 0
18318.6 0
18326.7 0
18334.9 0
18343 0
18351.1 0
18359.3 0
18367.4 0
18375.6 0
18383.7 0
18391.9 0
18400 0
18408.1 0
18416.3 0
18424.4 0
18432.6 0
18440.7 0
18448.8 0
18457 0
18465.1 0
18473.3 0
18481.4 0
18489.6 0
18497.7 0
18505.8 0
18514 0
18522.1 0
18530.3 0
18538.4 0
18546.5 0
18554.7 0
18562.8 0
18571 0
18579.1 0
18587.3 0
18595.4 0
18603.5 0
18611.7 0
18619.8 0
18628 0
18636.1 0
18644.2 0
18652.4 0
18660.5 0
18668.7 0
18676.8 0
18685 0
18693.1 0
18701.2 0
18709.4 0
18717.5 0
18725.7 0
18733.8 0
18741.9 0
18750.1 0
18758.2 0
18766.4 0
18774.5 0
18782.7 0
18790.8 0
18798.9 0
18807.1 0
18815.2 0
18823.4 0
18831.5 0
18839.6 0
18847.8 0
18855.9 0
18864.1 0
18872.2 0
18880.4 0
18888.5 0
18896.6 0
18904.8 0
18912.9 0
18921.1 0
18929.2 0
18937.3 0
18945.5 0
18953.6 0
18961.8 0
18969.9 0
18978.1 0
18986.2 0
18994.3 0
19002.5 0
19010.6 0
19018.8 0
19026.9 0
19035 0
19043.2 0
19051.3 0
19059.5 0
19067.6 0
19075.8 0
19083.9 0
19092 0
19100.2 0
19108.3 0
19116.5 0
19124.6 0
19132.7 0
19140.9 0
19149 0
19157.2 0
19165.3 0
19173.5 0
19181.6 0
19189.7 0
19197.9 0
19206 0
19214.2 0
19222.3 0
19230.4 0
19238.6 0
19246.7 0
19254.9 0
19263 0
19271.1 0
19279.3 0
19287.4 0
19295.6 0
19303.7 0
19311.9 0
19320 0
19328.1 0
19336.3 0
19344.4 0
19352.6 0
19360.7 0
19368.8 0
19377 0
19385.1 0
19393.3 0
19401.4 0
19409.6 0
19417.7 0
19425.8 0
19434 0
19442.1 0
19450.3 0
19458.4 0
19466.5 0
19474.7 0
19482.8 0
19491 0
19499.1 0
19507.3 0
19515.4 0
19523.5 0
19531.7 0
19539.8 0
19548 0
19556.1 0
19564.2 0
19572.4 0
19580.5 0
19588.7 0
19596.8 0
19605 0
19613.1 0
19621.2 0
19629.4 0
19637.5 0
19645.7 0
19653.8 0
19661.9 0
19670.1 0
19678.2 0
19686.4 0
19694.5 0
19702.7 0
19710.8 0
19718.9 0
19727.1 0
19735.2 0
19743.4 0
19751.5 0
19759.6 0
19767.8 0
19775.9 0
19784.1 0
19792.2 0
19800.4 0
19808.5 0
19816.6 0
19824.8 0
19832.9 0
19841.1 0
19849.2 0
19857.3 0
19865.5 0
19873.6 0
19881.8 0
19889.9 0
19898.1 0
19906.2 0
19914.3 0
19922.5 0
19930.6 0
19938.8 0
19946.9 0
19955 0
19963.2 0
19971.3 0
19979.5 0
19987.6 0
19995.8 0
20003.9 0
20012 0
20020.2 0
20028.3 0
20036.5 0
20044.6 0
20052.7 0
20060.9 0
20069 0
20077.2 0
20085.3 0
20093.5 0
20101.6 0
20109.7 0
20117.9 0
20126 0
20134.2 0
20142.3 0
20150.4 0
20158.6 0
20166.7 0
20174.9 0
20183 0
20191.1 0
20199.3 0
20207.4 0
20215.6 0
20223.7 0
20231.9 0
20240 0
20248.1 0
20256.3 0
20264.4 0
20272.6 0
20280.7 0
20288.8 0
20297 0
20305.1 0
20313.3 0
20321.4 0
20329.6 0
20337.7 0
20345.8 0
20354 0
20362.1 0
20370.3 0
20378.4 0
20386.5 0
20394.7 0
20402.8 0
20411 0
20419.1 0
20427.3 0
20435.4 0
20443.5 0
20451.7 0
20459.8 0
20468 0
20476.1 0
20484.2 0
20492.4 0
20500.5 0
20508.7 0
20516.8 0
20525 0
20533.1 0
20541.2 0
20549.4 0
20557.5 0
20565.7 0
20573.8 0
20581.9 0
20590.1 0
20598.2 0
20606.4 0
20614.5 0
20622.7 0
20630.8 0
20638.9 0
20647.1 0
20655.2 0
20663.4 0
20671.5 0
20679.6 0
20687.8 0
20695.9 0
20704.1 0
20712.2 0
20720.4 0
20728.5 0
20736.6 0
20744.8 0
20752.9 0
20761.1 0
20769.2 0
20777.3 0
20785.5 0
20793.6 0
20801.8 0
20809.9 0
20818.1 0
20826.2 0
20834.3 0
20842.5 0
20850.6 0
20858.8 0
20866.9 0
20875 0
20883.2 0
20891.3 0
20899.5 0
20907.6 0
20915.8 0
20923.9 0
20932 0
20940.2 0
20948.3 0
20956.5 0
20964.6 0
20972.7 0
20980.9 0
20989 0
20997.2 0
21005.3 0
21013.5 0
21021.6 0
21029.7 0
21037.9 0
21046 0
21054.2 0
21062.3 0
21070.4 0
21078.6 0
21086.7 0
21094.9 0
21103 0
21111.1 0
21119.3 0
21127.4 0
21135.6 0
21143.7 0
21151.9 0
21160 0
21168.1 0
21176.3 0
21184.4 0
21192.6 0
21200.7 0
21208.8 0
21217 0
21225.1 0
21233.3 0
21241.4 0
21249.6 0
21257.7 0
21265.8 0
21274 0
21282.1 0
21290.3 0
21298.4 0
21306.5 0
21314.7 0
21322.8 0
21331 0
21339.1 0
21347.3 0
21355.4 0
21363.5 0
21371.7 0
21379.8 0
21388 0
21396.1 0
21404.2 0
21412.4 0
21420.5 0
21428.7 0
21436.8 0
21445 0
21453.1 0
21461.2 0
21469.4 0
21477.5 0
21485.7 0
21493.8 0
21501.9 0
21510.1 0
21518.2 0
21526.4 0
21534.5 0
21542.7 0
21550.8 0
21558.9 0
21567.1 0
21575.2 0
21583.4 0
21591.5 0
21599.6 0
21607.8 0
21615.9 0
21624.1 0
21632.2 0
21640.4 0
21648.5 0
21656.6 0
21664.8 0
21672.9 0
21681.1 0
21689.2 0
21697.3 0
21705.5 0
21713.6 0
21721.8 0
21729.9 0
21738.1 0
21746.2 0
21754.3 0
21762.5 0
21770.6 0
21778.8 0
21786.9 0
21795 0
21803.2 0
21811.3 0
21819.5 0
21827.6 0
21835.8 0
21843.9 0
21852 0
21860.2 0
21868.3 0
21876.5 0
21884.6 0
21892.7 0
21900.9 0
21909 0
21917.2 0
21925.3 0
21933.5 0
21941.6 0
21949.7 0
21957.9 0
21966 0
21974.2 0
21982.3 0
21990.4 0
21998.6 0
22006.7 0
22014.9 0
22023 0
22031.1 0
22039.3 0
22047.4 0
22055.6 0
22063.7 0
22071.9 0
22080 0
22088.1 0
22096.3 0
22104.4 0
22112.6 0
22120.7 0
22128.8 0
22137 0
22145.1 0
22153.3 0
22161.4 0
22169.6 0
22177.7 0
22185.8 0
22194 0
22202.1 0
22210.3 0
22218.4 0
22226.5 0
22234.7 0
22242.8 0
22251 0
22259.1 0
22267.3 0
22275.4 0
22283.5 0
22291.7 0
22299.8 0
22308 0
22316.1 0
22324.2 0
22332.4 0
22340.5 0
22348.7 0
22356.8 0
22365 0
22373.1 0
22381.2 0
22389.4 0
22397.5 0
22405.7 0
22413.8 0
22421.9 0
22430.1 0
22438.2 0
22446.4 0
22454.5 0
22462.7 0
22470.8 0
22478.9 0
22487.1 0
22495.2 0
22503.4 0
22511.5 0
22519.6 0
22527.8 0
22535.9 0
22544.1 0
22552.2 0
22560.4 0
22568.5 0
22576.6 0
22584.8 0
22592.9 0
22601.1 0
22609.2 0
22617.3 0
22625.5 0
22633.6 0
22641.8 0
22649.9 0
22658.1 0
22666.2 0
22674.3 0
22682.5 0
22690.6 0
22698.8 0
22706.9 0
22715 0
22723.2 0
22731.3 0
22739.5 0
22747.6 0
22755.8 0
22763.9 0
22772 0
22780.2 0
22788.3 0
22796.5 0
22804.6 0
22812.7 0
22820.9 0
22829 0
22837.2 0
22845.3 0
22853.5 0
22861.6 0
22869.7 0
22877.9 0
22886 0
22894.2 0
22902.3 0
22910.4 0
22918.6 0
22926.7 0
22934.9 0
22943 0
22951.1 0
22959.3 0
22967.4 0
22975.6 0
22983.7 0
22991.9 0
23000 0
23008.1 0
23016.3 0
23024.4 0
23032.6 0
23040.7 0
23048.8 0
23057 0
23065.1 0
23073.3 0
23081.4 0
23089.6 0
23097.7 0
23105.8 0
23114 0
23122.1 0
23130.3 0
23138.4 0
23146.5 0
23154.7 0
23162.8 0
23171 0
23179.1 0
23187.3 0
23195.4 0
23203.5 0
23211.7 0
23219.8 0
23228 0
23236.1 0
23244.2 0
23252.4 0
23260.5 0
23268.7 0
23276.8 0
23285 0
23293.1 0
23301.2 0
23309.4 0
23317.5 0
23325.7 0
23333.8 0
23341.9 0
23350.1 0
23358.2 0
23366.4 0
23374.5 0
23382.7 0
23390.8 0
23398.9 0
23407.1 0
23415.2 0
23423.4 0
23431.5 0
23439.6 0
23447.8 0
23455.9 0
23464.1 0
23472.2 0
23480.4 0
23488.5 0
23496.6 0
23504.8 0
23512.9 0
23521.1 0
23529.2 0
23537.3 0
23545.5 0
23553.6 0
23561.8 0
23569.9 0
23578.1 0
23586.2 0
23594.3 0
23602.5 0
23610.6 0
23618.8 0
23626.9 0
23635 0
23643.2 0
23651.3 0
23659.5 0
23667.6 0
23675.8 0
23683.9 0
23692 0
23700.2 0
23708.3 0
23716.5 0
23724.6 0
23732.7 0
23740.9 0
23749 0
23757.2 0
23765.3 0
23773.5 0
23781.6 0
23789.7 0
23797.9 0
23806 0
23814.2 0
23822.3 0
23830.4 0
23838.6 0
23846.7 0
23854.9 0
23863 0
23871.1 0
23879.3 0
23887.4 0
23895.6 0
23903.7 0
23911.9 0
23920 0
23928.1 0
23936.3 0
23944.4 0
23952.6 0
23960.7 0
23968.8 0
23977 0
23985.1 0
23993.3 0
24001.4 0
24009.6 0
24017.7 0
24025.8 0
24034 0
24042.1 0
24050.3 0
24058.4 0
24066.5 0
24074.7 0
24082.8 0
24091 0
24099.1 0
24107.3 0
24115.4 0
24123.5 0
24131.7 0
24139.8 0
24148 0
24156.1 0
24164.2 0
24172.4 0
24180.5 0
24188.7 0
24196.8 0
24205 0
24213.1 0
24221.2 0
24229.4 0
24237.5 0
24245.7 0
24253.8 0
24261.9 0
24270.1 0
24278.2 0
24286.4 0
24294.5 0
24302.7 0
24310.8 0
24318.9 0
24327.1 0
24335.2 0
24343.4 0
24351.5 0
24359.6 0
24367.8 0
24375.9 0
24384.1 0
24392.2 0
24400.4 0
24408.5 0
24416.6 0
24424.8 0
24432.9 0
24441.1 0
24449.2 0
24457.3 0
24465.5 0
24473.6 0
24481.8 0
24489.9 0
24498.1 0
24506.2 0
24514.3 0
24522.5 0
24530.6 0
24538.8 0
24546.9 0
24555 0
24563.2 0
24571.3 0
24579.5 0
24587.6 0
24595.8 0
24603.9 0
24612 0
24620.2 0
24628.3 0
24636.5 0
24644.6 0
24652.7 0
24660.9 0
24669 0
24677.2 0
24685.3 0
24693.5 0
24701.6 0
24709.7 0
24717.9 0
24726 0
24734.2 0
24742.3 0
24750.4 0
24758.6 0
24766.7 0
24774.9 0
24783 0
24791.1 0
24799.3 0
24807.4 0
24815.6 0
24823.7 0
24831.9 0
24840 0
24848.1 0
24856.3 0
24864.4 0
24872.6 0
24880.7 0
24888.8 0
24897 0
24905.1 0
24913.3 0
24921.4 0
24929.6 0
24937.7 0
24945.8 0
24954 0
24962.1 0
24970.3 0
24978.4 0
24986.5 0
24994.7 0
25002.8 0
25011 0
25019.1 0
25027.3 0
25035.4 0
25043.5 0
25051.7 0
25059.8 0
25068 0
25076.1 0
25084.2 0
25092.4 0
25100.5 0
25108.7 0
25116.8 0
25125 0
25133.1 0
25141.2 0
25149.4 0
25157.5 0
25165.7 0
25173.8 0
25181.9 0
25190.1 0
25198.2 0
25206.4 0
25214.5 0
25222.7 0
25230.8 0
25238.9 0
25247.1 0
25255.2 0
25263.4 0
25271.5 0
25279.6 0
25287.8 0
25295.9 0
25304.1 0
25312.2 0
25320.4 0
25328.5 0
25336.6 0
25344.8 0
25352.9 0
25361.1 0
25369.2 0
25377.3 0
25385.5 0
25393.6 0
25401.8 0
25409.9 0
25418.1 0
25426.2 0
25434.3 0
25442.5 0
25450.6 0
25458.8 0
25466.9 0
25475 0
25483.2 0
25491.3 0
25499.5 0
25507.6 0
25515.8 0
25523.9 0
25532 0
25540.2 0
25548.3 0
25556.5 0
25564.6 0
25572.7 0
25580.9 0
25589 0
25597.2 0
25605.3 0
25613.5 0
25621.6 0
25629.7 0
25637.9 0
25646 0
25654.2 0
25662.3 0
25670.4 0
25678.6 0
25686.7 0
25694.9 0
25703 0
25711.1 0
25719.3 0
25727.4 0
25735.6 0
25743.7 0
25751.9 0
25760 0
25768.1 0
25776.3 0
25784.4 0
25792.6 0
25800.7 0
25808.8 0
25817 0
25825.1 0
25833.3 0
25841.4 0
25849.6 0
25857.7 0
25865.8 0
25874 0
25882.1 0
25890.3 0
25898.4 0
25906.5 0
25914.7 0
25922.8 0
25931 0
25939.1 0
25947.3 0
25955.4 0
25963.5 0
25971.7 0
25979.8 0
25988 0
25996.1 0
26004.2 0
26012.4 0
26020.5 0
26028.7 0
26036.8 0
26045 0
26053.1 0
26061.2 0
26069.4 0
26077.5 0
26085.7 0
26093.8 0
26101.9 0
26110.1 0
26118.2 0
26126.4 0
26134.5 0
26142.7 0
26150.8 0
26158.9 0
26167.1 0
26175.2 0
26183.4 0
26191.5 0
26199.6 0
26207.8 0
26215.9 0
26224.1 0
26232.2 0
26240.4 0
26248.5 0
26256.6 0
26264.8 0
26272.9 0
26281.1 0
26289.2 0
26297.3 0
26305.5 0
26313.6 0
26321.8 0
26329.9 0
26338.1 0
26346.2 0
26354.3 0
26362.5 0
26370.6 0
26378.8 0
26386.9 0
26395 0
26403.2 0
26411.3 0
26419.5 0
26427.6 0
26435.8 0
26443.9 0
26452 0
26460.2 0
26468.3 0
26476.5 0
26484.6 0
26492.7 0
26500.9 0
26509 0
26517.2 0
26525.3 0
26533.5 0
26541.6 0
26549.7 0
26557.9 0
26566 0
26574.2 0
26582.3 0
26590.4 0
26598.6 0
26606.7 0
26614.9 0
26623 0
26631.1 0
26639.3 0
26647.4 0
26655.6 0
26663.7 0
26671.9 0
26680 0
26688.1 0
26696.3 0
26704.4 0
26712.6 0
26720.7 0
26728.8 0
26737 0
26745.1 0
26753.3 0
26761.4 0
26769.6 0
26777.7 0
26785.8 0
26794 0
26802.1 0
26810.3 0
26818.4 0
26826.5 0
26834.7 0
26842.8 0
26851 0
26859.1 0
26867.3 0
26875.4 0
26883.5 0
26891.7 0
26899.8 0
26908 0
26916.1 0
26924.2 0
26932.4 0
26940.5 0
26948.7 0
26956.8 0
26965 0
26973.1 0
26981.2 0
26989.4 0
26997.5 0
27005.7 0
27013.8 0
27021.9 0
27030.1 0
27038.2 0
27046.4 0
27054.5 0
27062.7 0
27070.8 0
27078.9 0
27087.1 0
27095.2 0
27103.4 0
27111.5 0
27119.6 0
27127.8 0
27135.9 0
27144.1 0
27152.2 0
27160.4 0
27168.5 0
27176.6 0
27184.8 0
27192.9 0
27201.1 0
27209.2 0
27217.3 0
27225.5 0
27233.6 0
27241.8 0
27249.9 0
27258.1 0
27266.2 0
27274.3 0
27282.5 0
27290.6 0
27298.8 0
27306.9 0
27315 0
27323.2 0
27331.3 0
27339.5 0
27347.6 0
27355.8 0
27363.9 0
27372 0
27380.2 0
27388.3 0
27396.5 0
27404.6 0
27412.7 0
27420.9 0
27429 0
27437.2 0
27445.3 0
27453.5 0
27461.6 0
27469.7 0
27477.9 0
27486 0
27494.2 0
27502.3 0
27510.4 0
27518.6 0
27526.7 0
27534.9 0
27543 0
27551.1 0
27559.3 0
27567.4 0
27575.6 0
27583.7 0
27591.9 0
27600 0
27608.1 0
27616.3 0
27624.4 0
27632.6 0
27640.7 0
27648.8 0
27657 0
27665.1 0
27673.3 0
27681.4 0
27689.6 0
27697.7 0
27705.8 0
27714 0
27722.1 0
27730.3 0
27738.4 0
27746.5 0
27754.7 0
27762.8 0
27771 0
27779.1 0
27787.3 0
27795.4 0
27803.5 0
27811.7 0
27819.8 0
27828 0
27836.1 0
27844.2 0
27852.4 0
27860.5 0
27868.7 0
27876.8 0
27885 0
27893.1 0
27901.2 0
27909.4 0
27917.5 0
27925.7 0
27933.8 0
27941.9 0
27950.1 0
27958.2 0
27966.4 0
27974.5 0
27982.7 0
27990.8 0
27998.9 0
28007.1 0
28015.2 0
28023.4 0
28031.5 0
28039.6 0
28047.8 0
28055.9 0
28064.1 0
28072.2 0
28080.4 0
28088.5 0
28096.6 0
28104.8 0
28112.9 0
28121.1 0
28129.2 0
28137.3 0
28145.5 0
28153.6 0
28161.8 0
28169.9 0
28178.1 0
28186.2 0
28194.3 0
28202.5 0
28210.6 0
28218.8 0
28226.9 0
28235 0
28243.2 0
28251.3 0
28259.5 0
28267.6 0
28275.8 0
28283.9 0
28292 0
28300.2 0
28308.3 0
28316.5 0
28324.6 0
28332.7 0
28340.9 0
28349 0
28357.2 0
28365.3 0
28373.5 0
28381.6 0
28389.7 0
28397.9 0
28406 0
28414.2 0
28422.3 0
28430.4 0
28438.6 0
28446.7 0
28454.9 0
28463 0
28471.1 0
28479.3 0
28487.4 0
28495.6 0
28503.7 0
28511.9 0
28520 0
28528.1 0
28536.3 0
28544.4 0
28552.6 0
28560.7 0
28568.8 0
28577 0
28585.1 0
28593.3 0
28601.4 0
28609.6 0
28617.7 0
28625.8 0
28634 0
28642.1 0
28650.3 0
28658.4 0
28666.5 0
28674.7 0
28682.8 0
28691 0
28699.1 0
28707.3 0
28715.4 0
28723.5 0
28731.7 0
28739.8 0
28748 0
28756.1 0
28764.2 0
28772.4 0
28780.5 0
28788.7 0
28796.8 0
28805 0
28813.1 0
28821.2 0
28829.4 0
28837.5 0
28845.7 0
28853.8 0
28861.9 0
28870.1 0
28878.2 0
28886.4 0
28894.5 0
28902.7 0
28910.8 0
28918.9 0
28927.1 0
28935.2 0
28943.4 0
28951.5 0
28959.6 0
28967.8 0
28975.9 0
28984.1 0
28992.2 0
29000.4 0
29008.5 0
29016.6 0
29024.8 0
29032.9 0
29041.1 0
29049.2 0
29057.3 0
29065.5 0
29073.6 0
29081.8 0
29089.9 0
29098.1 0
29106.2 0
29114.3 0
29122.5 0
29130.6 0
29138.8 0
29146.9 0
29155 0
29163.2 0
29171.3 0
29179.5 0
29187.6 0
29195.8 0
29203.9 0
29212 0
29220.2 0
29228.3 0
29236.5 0
29244.6 0
29252.7 0
29260.9 0
29269 0
29277.2 0
29285.3 0
29293.5 0
29301.6 0
29309.7 0
29317.9 0
29326 0
29334.2 0
29342.3 0
29350.4 0
29358.6 0
29366.7 0
29374.9 0
29383 0
29391.1 0
29399.3 0
29407.4 0
29415.6 0
29423.7 0
29431.9 0
29440 0
29448.1 0
29456.3 0
29464.4 0
29472.6 0
29480.7 0
29488.8 0
29497 0
29505.1 0
29513.3 0
29521.4 0
29529.6 0
29537.7 0
29545.8 0
29554 0
29562.1 0
29570.3 0
29578.4 0
29586.5 0
29594.7 0
29602.8 0
29611 0
29619.1 0
29627.3 0
29635.4 0
29643.5 0
29651.7 0
29659.8 0
29668 0
29676.1 0
29684.2 0
29692.4 0
29700.5 0
29708.7 0
29716.8 0
29725 0
29733.1 0
29741.2 0
29749.4 0
29757.5 0
29765.7 0
29773.8 0
29781.9 0
29790.1 0
29798.2 0
29806.4 0
29814.5 0
29822.7 0
29830.8 0
29838.9 0
29847.1 0
29855.2 0
29863.4 0
29871.5 0
29879.6 0
29887.8 0
29895.9 0
29904.1 0
29912.2 0
29920.4 0
29928.5 0
29936.6 0
29944.8 0
29952.9 0
29961.1 0
29969.2 0
29977.3 0
29985.5 0
29993.6 0
30001.8 0
30009.9 0
30018.1 0
30026.2 0
30034.3 0
30042.5 0
30050.6 0
30058.8 0
30066.9 0
30075 0
30083.2 0
30091.3 0
30099.5 0
30107.6 0
30115.8 0
30123.9 0
30132 0
30140.2 0
30148.3 0
30156.5 0
30164.6 0
30172.7 0
30180.9 0
30189 0
30197.2 0
30205.3 0
30213.5 0
30221.6 0
30229.7 0
30237.9 0
30246 0
30254.2 0
30262.3 0
30270.4 0
30278.6 0
30286.7 0
30294.9 0
30303 0
30311.1 0
30319.3 0
30327.4 0
30335.6 0
30343.7 0
30351.9 0
30360 0
30368.1 0
30376.3 0
30384.4 0
30392.6 0
30400.7 0
30408.8 0
30417 0
30425.1 0
30433.3 0
30441.4 0
30449.6 0
30457.7 0
30465.8 0
30474 0
30482.1 0
30490.3 0
30498.4 0
30506.5 0
30514.7 0
30522.8 0
30531 0
30539.1 0
30547.3 0
30555.4 0
30563.5 0
30571.7 0
30579.8 0
30588 0
30596.1 0
30604.2 0
30612.4 0
30620.5 0
30628.7 0
30636.8 0
30645 0
30653.1 0
30661.2 0
30669.4 0
30677.5 0
30685.7 0
30693.8 0
30701.9 0
30710.1 0
30718.2 0
30726.4 0
30734.5 0
30742.7 0
30750.8 0
30758.9 0
30767.1 0
30775.2 0
30783.4 0
30791.5 0
30799.6 0
30807.8 0
30815.9 0
30824.1 0
30832.2 0
30840.4 0
30848.5 0
30856.6 0
30864.8 0
30872.9 0
30881.1 0
30889.2 0
30897.3 0
30905.5 0
30913.6 0
30921.8 0
30929.9 0
30938.1 0
30946.2 0
30954.3 0
30962.5 0
30970.6 0
30978.8 0
30986.9 0
30995 0
31003.2 0
31011.3 0
31019.5 0
31027.6 0
31035.8 0
31043.9 0
31052 0
31060.2 0
31068.3 0
31076.5 0
31084.6 0
31092.7 0
31100.9 0
31109 0
31117.2 0
31125.3 0
31133.5 0
31141.6 0
31149.7 0
31157.9 0
31166 0
31174.2 0
31182.3 0
31190.4 0
31198.6 0
31206.7 0
31214.9 0
31223 0
31231.1 0
31239.3 0
31247.4 0
31255.6 0
31263.7 0
31271.9 0
31280 0
31288.1 0
31296.3 0
31304.4 0
31312.6 0
31320.7 0
31328.8 0
31337 0
31345.1 0
31353.3 0
31361.4 0
31369.6 0
31377.7 0
31385.8 0
31394 0
31402.1 0
31410.3 0
31418.4 0
31426.5 0
31434.7 0
31442.8 0
31451 0
31459.1 0
31467.3 0
31475.4 0
31483.5 0
31491.7 0
31499.8 0
31508 0
31516.1 0
31524.2 0
31532.4 0
31540.5 0
31548.7 0
31556.8 0
31565 0
31573.1 0
31581.2 0
31589.4 0
31597.5 0
31605.7 0
31613.8 0
31621.9 0
31630.1 0
31638.2 0
31646.4 0
31654.5 0
31662.7 0
31670.8 0
31678.9 0
31687.1 0
31695.2 0
31703.4 0
31711.5 0
31719.6 0
31727.8 0
31735.9 0
31744.1 0
31752.2 0
31760.4 0
31768.5 0
31776.6 0
31784.8 0
31792.9 0
31801.1 0
31809.2 0
31817.3 0
31825.5 0
31833.6 0
31841.8 0
31849.9 0
31858.1 0
31866.2 0
31874.3 0
31882.5 0
31890.6 0
31898.8 0
31906.9 0
31915 0
31923.2 0
31931.3 0
31939.5 0
31947.6 0
31955.8 0
31963.9 0
31972 0
31980.2 0
31988.3 0
31996.5 0
32004.6 0
32012.7 0
32020.9 0
32029 0
32037.2 0
32045.3 0
32053.5 0
32061.6 0
32069.7 0
32077.9 0
32086 0
32094.2 0
32102.3 0
32110.4 0
32118.6 0
32126.7 0
32134.9 0
32143 0
32151.1 0
32159.3 0
32167.4 0
32175.6 0
32183.7 0
32191.9 0
32200 0
32208.1 0
32216.3 0
32224.4 0
32232.6 0
32240.7 0
32248.8 0
32257 0
32265.1 0
32273.3 0
32281.4 0
32289.6 0
32297.7 0
32305.8 0
32314 0
32322.1 0
32330.3 0
32338.4 0
32346.5 0
32354.7 0
32362.8 0
32371 0
32379.1 0
32387.3 0
32395.4 0
32403.5 0
32411.7 0
32419.8 0
32428 0
32436.1 0
32444.2 0
32452.4 0
32460.5 0
32468.7 0
32476.8 0
32485 0
32493.1 0
32501.2 0
32509.4 0
32517.5 0
32525.7 0
32533.8 0
32541.9 0
32550.1 0
32558.2 0
32566.4 0
32574.5 0
32582.7 0
32590.8 0
32598.9 0
32607.1 0
32615.2 0
32623.4 0
32631.5 0
32639.6 0
32647.8 0
32655.9 0
32664.1 0
32672.2 0
32680.4 0
32688.5 0
32696.6 0
32704.8 0
32712.9 0
32721.1 0
32729.2 0
32737.3 0
32745.5 0
32753.6 0
32761.8 0
32769.9 0
32778.1 0
32786.2 0
32794.3 0
32802.5 0
32810.6 0
32818.8 0
32826.9 0
32835 0
32843.2 0
32851.3 0
32859.5 0
32867.6 0
32875.8 0
32883.9 0
32892 0
32900.2 0
32908.3 0
32916.5 0
32924.6 0
32932.7 0
32940.9 0
32949 0
32957.2 0
32965.3 0
32973.5 0
32981.6 0
32989.7 0
32997.9 0
33006 0
33014.2 0
33022.3 0
33030.4 0
33038.6 0
33046.7 0
33054.9 0
33063 0
33071.1 0
33079.3 0
33087.4 0
33095.6 0
33103.7 0
33111.9 0
33120 0
33128.1 0
33136.3 0
33144.4 0
33152.6 0
33160.7 0
33168.8 0
33177 0
33185.1 0
33193.3 0
33201.4 0
33209.6 0
33217.7 0
33225.8 0
33234 0
33242.1 0
33250.3 0
33258.4 0
33266.5 0
33274.7 0
33282.8 0
33291 0
33299.1 0
33307.3 0
33315.4 0
33323.5 0
33331.7 0
33339.8 0
33348 0
33356.1 0
33364.2 0
33372.4 0
33380.5 0
33388.7 0
33396.8 0
33405 0
33413.1 0
33421.2 0
33429.4 0
33437.5 0
33445.7 0
33453.8 0
33461.9 0
33470.1 0
33478.2 0
33486.4 0
33494.5 0
33502.7 0
33510.8 0
33518.9 0
33527.1 0
33535.2 0
33543.4 0
33551.5 0
33559.6 0
33567.8 0
33575.9 0
33584.1 0
33592.2 0
33600.4 0
33608.5 0
33616.6 0
33624.8 0
33632.9 0
33641.1 0
33649.2 0
33657.3 0
33665.5 0
33673.6 0
33681.8 0
33689.9 0
33698.1 0
33706.2 0
33714.3 0
33722.5 0
33730.6 0
33738.8 0
33746.9 0
33755 0
33763.2 0
33771.3 0
33779.5 0
33787.6 0
33795.8 0
33803.9 0
33812 0
33820.2 0
33828.3 0
33836.5 0
33844.6 0
33852.7 0
33860.9 0
33869 0
33877.2 0
33885.3 0
33893.5 0
33901.6 0
33909.7 0
33917.9 0
33926 0
33934.2 0
33942.3 0
33950.4 0
33958.6 0
33966.7 0
33974.9 0
33983 0
33991.1 0
33999.3 0
34007.4 0
34015.6 0
34023.7 0
34031.9 0
34040 0
34048.1 0
34056.3 0
34064.4 0
34072.6 0
34080.7 0
34088.8 0
34097 0
34105.1 0
34113.3 0
34121.4 0
34129.6 0
34137.7 0
34145.8 0
34154 0
34162.1 0
34170.3 0
34178.4 0
34186.5 0
34194.7 0
34202.8 0
34211 0
34219.1 0
34227.3 0
34235.4 0
34243.5 0
34251.7 0
34259.8 0
34268 0
34276.1 0
34284.2 0
34292.4 0
34300.5 0
34308.7 0
34316.8 0
34325 0
34333.1 0
34341.2 0
34349.4 0
34357.5 0
34365.7 0
34373.8 0
34381.9 0
34390.1 0
34398.2 0
34406.4 0
34414.5 0
34422.7 0
34430.8 0
34438.9 0
34447.1 0
34455.2 0
34463.4 0
34471.5 0
34479.6 0
34487.8 0
34495.9 0
34504.1 0
34512.2 0
34520.4 0
34528.5 0
34536.6 0
34544.8 0
34552.9 0
34561.1 0
34569.2 0
34577.3 0
34585.5 0
34593.6 0
34601.8 0
34609.9 0
34618.1 0
34626.2 0
34634.3 0
34642.5 0
34650.6 0
34658.8 0
34666.9 0
34675 0
34683.2 0
34691.3 0
34699.5 0
34707.6 0
34715.8 0
34723.9 0
34732 0
34740.2 0
34748.3 0
34756.5 0
34764.6 0
34772.7 0
34780.9 0
34789 0
34797.2 0
34805.3 0
34813.5 0
34821.6 0
34829.7 0
34837.9 0
34846 0
34854.2 0
34862.3 0
34870.4 0
34878.6 0
34886.7 0
34894.9 0
34903 0
34911.1 0
34919.3 0
34927.4 0
34935.6 0
34943.7 0
34951.9 0
34960 0
34968.1 0
34976.3 0
34984.4 0
34992.6 0
35000.7 0
35008.8 0
35017 0
35025.1 0
35033.3 0
35041.4 0
35049.6 0
35057.7 0
35065.8 0
35074 0
35082.1 0
35090.3 0
35098.4 0
35106.5 0
35114.7 0
35122.8 0
35131 0
35139.1 0
35147.3 0
35155.4 0
35163.5 0
35171.7 0
35179.8 0
35188 0
35196.1 0
35204.2 0
35212.4 0
35220.5 0
35228.7 0
35236.8 0
35245 0
35253.1 0
35261.2 0
35269.4 0
35277.5 0
35285.7 0
35293.8 0
35301.9 0
35310.1 0
35318.2 0
35326.4 0
35334.5 0
35342.7 0
35350.8 0
35358.9 0
35367.1 0
35375.2 0
35383.4 0
35391.5 0
35399.6 0
35407.8 0
35415.9 0
35424.1 0
35432.2 0
35440.4 0
35448.5 0
35456.6 0
35464.8 0
35472.9 0
35481.1 0
35489.2 0
35497.3 0
35505.5 0
35513.6 0
35521.8 0
35529.9 0
35538.1 0
35546.2 0
35554.3 0
35562.5 0
35570.6 0
35578.8 0
35586.9 0
35595 0
35603.2 0
35611.3 0
35619.5 0
35627.6 0
35635.8 0
35643.9 0
35652 0
35660.2 0
35668.3 0
35676.5 0
35684.6 0
35692.7 0
35700.9 0
35709 0
35717.2 0
35725.3 0
35733.5 0
35741.6 0
35749.7 0
35757.9 0
35766 0
35774.2 0
35782.3 0
35790.4 0
35798.6 0
35806.7 0
35814.9 0
35823 0
35831.1 0
35839.3 0
35847.4 0
35855.6 0
35863.7 0
35871.9 0
35880 0
35888.1 0
35896.3 0
35904.4 0
35912.6 0
35920.7 0
35928.8 0
35937 0
35945.1 0
35953.3 0
35961.4 0
35969.6 0
35977.7 0
35985.8 0
35994 0
36002.1 0
36010.3 0
36018.4 0
36026.5 0
36034.7 0
36042.8 0
36051 0
36059.1 0
36067.3 0
36075.4 0
36083.5 0
36091.7 0
36099.8 0
36108 0
36116.1 0
36124.2 0
36132.4 0
36140.5 0
36148.7 0
36156.8 0
36165 0
36173.1 0
36181.2 0
36189.4 0
36197.5 0
36205.7 0
36213.8 0
36221.9 0
36230.1 0
36238.2 0
36246.4 0
36254.5 0
36262.7 0
36270.8 0
36278.9 0
36287.1 0
36295.2 0
36303.4 0
36311.5 0
36319.6 0
36327.8 0
36335.9 0
36344.1 0
36352.2 0
36360.4 0
36368.5 0
36376.6 0
36384.8 0
36392.9 0
36401.1 0
36409.2 0
36417.3 0
36425.5 0
36433.6 0
36441.8 0
36449.9 0
36458.1 0
36466.2 0
36474.3 0
36482.5 0
36490.6 0
36498.8 0
36506.9 0
36515 0
36523.2 0
36531.3 0
36539.5 0
36547.6 0
36555.8 0
36563.9 0
36572 0
36580.2 0
36588.3 0
36596.5 0
36604.6 0
36612.7 0
36620.9 0
36629 0
36637.2 0
36645.3 0
36653.5 0
36661.6 0
36669.7 0
36677.9 0
36686 0
36694.2 0
36702.3 0
36710.4 0
36718.6 0
36726.7 0
36734.9 0
36743 0
36751.1 0
36759.3 0
36767.4 0
36775.6 0
36783.7 0
36791.9 0
36800 0
36808.1 0
36816.3 0
36824.4 0
36832.6 0
36840.7 0
36848.8 0
36857 0
36865.1 0
36873.3 0
36881.4 0
36889.6 0
36897.7 0
36905.8 0
36914 0
36922.1 0
36930.3 0
36938.4 0
36946.5 0
36954.7 0
36962.8 0
36971 0
36979.1 0
36987.3 0
36995.4 0
37003.5 0
37011.7 0
37019.8 0
37028 0
37036.1 0
37044.2 0
37052.4 0
37060.5 0
37068.7 0
37076.8 0
37085 0
37093.1 0
37101.2 0
37109.4 0
37117.5 0
37125.7 0
37133.8 0
37141.9 0
37150.1 0
37158.2 0
37166.4 0
37174.5 0
37182.7 0
37190.8 0
37198.9 0
37207.1 0
37215.2 0
37223.4 0
37231.5 0
37239.6 0
37247.8 0
37255.9 0
37264.1 0
37272.2 0
37280.4 0
37288.5 0
37296.6 0
37304.8 0
37312.9 0
37321.1 0
37329.2 0
37337.3 0
37345.5 0
37353.6 0
37361.8 0
37369.9 0
37378.1 0
37386.2 0
37394.3 0
37402.5 0
37410.6 0
37418.8 0
37426.9 0
37435 0
37443.2 0
37451.3 0
37459.5 0
37467.6 0
37475.8 0
37483.9 0
37492 0
37500.2 0
37508.3 0
37516.5 0
37524.6 0
37532.7 0
37540.9 0
37549 0
37557.2 0
37565.3 0
37573.5 0
37581.6 0
37589.7 0
37597.9 0
37606 0
37614.2 0
37622.3 0
37630.4 0
37638.6 0
37646.7 0
37654.9 0
37663 0
37671.1 0
37679.3 0
37687.4 0
37695.6 0
37703.7 0
37711.9 0
37720 0
37728.1 0
37736.3 0
37744.4 0
37752.6 0
37760.7 0
37768.8 0
37777 0
37785.1 0
37793.3 0
37801.4 0
37809.6 0
37817.7 0
37825.8 0
37834 0
37842.1 0
37850.3 0
37858.4 0
37866.5 0
37874.7 0
37882.8 0
37891 0
37899.1 0
37907.3 0
37915.4 0
37923.5 0
37931.7 0
37939.8 0
37948 0
37956.1 0
37964.2 0
37972.4 0
37980.5 0
37988.7 0
37996.8 0
38005 0
38013.1 0
38021.2 0
38029.4 0
38037.5 0
38045.7 0
38053.8 0
38061.9 0
38070.1 0
38078.2 0
38086.4 0
38094.5 0
38102.7 0
38110.8 0
38118.9 0
38127.1 0
38135.2 0
38143.4 0
38151.5 0
38159.6 0
38167.8 0
38175.9 0
38184.1 0
38192.2 0
38200.4 0
38208.5 0
38216.6 0
38224.8 0
38232.9 0
38241.1 0
38249.2 0
38257.3 0
38265.5 0
38273.6 0
38281.8 0
38289.9 0
38298.1 0
38306.2 0
38314.3 0
38322.5 0
38330.6 0
38338.8 0
38346.9 0
38355 0
38363.2 0
38371.3 0
38379.5 0
38387.6 0
38395.8 0
38403.9 0
38412 0
38420.2 0
38428.3 0
38436.5 0
38444.6 0
38452.7 0
38460.9 0
38469 0
38477.2 0
38485.3 0
38493.5 0
38501.6 0
38509.7 0
38517.9 0
38526 0
38534.2 0
38542.3 0
38550.4 0
38558.6 0
38566.7 0
38574.9 0
38583 0
38591.1 0
38599.3 0
38607.4 0
38615.6 0
38623.7 0
38631.9 0
38640 0
38648.1 0
38656.3 0
38664.4 0
38672.6 0
38680.7 0
38688.8 0
38697 0
38705.1 0
38713.3 0
38721.4 0
38729.6 0
38737.7 0
38745.8 0
38754 0
38762.1 0
38770.3 0
38778.4 0
38786.5 0
38794.7 0
38802.8 0
38811 0
38819.1 0
38827.3 0
38835.4 0
38843.5 0
38851.7 0
38859.8 0
38868 0
38876.1 0
38884.2 0
38892.4 0
38900.5 0
38908.7 0
38916.8 0
38925 0
38933.1 0
38941.2 0
38949.4 0
38957.5 0
38965.7 0
38973.8 0
38981.9 0
38990.1 0
38998.2 0
39006.4 0
39014.5 0
39022.7 0
39030.8 0
39038.9 0
39047.1 0
39055.2 0
39063.4 0
39071.5 0
39079.6 0
39087.8 0
39095.9 0
39104.1 0
39112.2 0
39120.4 0
39128.5 0
39136.6 0
39144.8 0
39152.9 0
39161.1 0
39169.2 0
39177.3 0
39185.5 0
39193.6 0
39201.8 0
39209.9 0
39218.1 0
39226.2 0
39234.3 0
39242.5 0
39250.6 0
39258.8 0
39266.9 0
39275 0
39283.2 0
39291.3 0
39299.5 0
39307.6 0
39315.8 0
39323.9 0
39332 0
39340.2 0
39348.3 0
39356.5 0
39364.6 0
39372.7 0
39380.9 0
39389 0
39397.2 0
39405.3 0
39413.5 0
39421.6 0
39429.7 0
39437.9 0
39446 0
39454.2 0
39462.3 0
39470.4 0
39478.6 0
39486.7 0
39494.9 0
39503 0
39511.1 0
39519.3 0
39527.4 0
39535.6 0
39543.7 0
39551.9 0
39560 0
39568.1 0
39576.3 0
39584.4 0
39592.6 0
39600.7 0
39608.8 0
39617 0
39625.1 0
39633.3 0
39641.4 0
39649.6 0
39657.7 0
39665.8 0
39674 0
39682.1 0
39690.3 0
39698.4 0
39706.5 0
39714.7 0
39722.8 0
39731 0
39739.1 0
39747.3 0
39755.4 0
39763.5 0
39771.7 0
39779.8 0
39788 0
39796.1 0
39804.2 0
39812.4 0
39820.5 0
39828.7 0
39836.8 0
39845 0
39853.1 0
39861.2 0
39869.4 0
39877.5 0
39885.7 0
39893.8 0
39901.9 0
39910.1 0
39918.2 0
39926.4 0
39934.5 0
39942.7 0
39950.8 0
39958.9 0
39967.1 0
39975.2 0
39983.4 0
39991.5 0
39999.6 0
40007.8 0
40015.9 0
40024.1 0
40032.2 0
40040.4 0
40048.5 0
40056.6 0
40064.8 0
40072.9 0
40081.1 0
40089.2 0
40097.3 0
40105.5 0
40113.6 0
40121.8 0
40129.9 0
40138.1 0
40146.2 0
40154.3 0
40162.5 0
40170.6 0
40178.8 0
40186.9 0
40195 0
40203.2 0
40211.3 0
40219.5 0
40227.6 0
40235.8 0
40243.9 0
40252 0
40260.2 0
40268.3 0
40276.5 0
40284.6 0
40292.7 0
40300.9 0
40309 0
40317.2 0
40325.3 0
40333.5 0
40341.6 0
40349.7 0
40357.9 0
40366 0
40374.2 0
40382.3 0
40390.4 0
40398.6 0
40406.7 0
40414.9 0
40423 0
40431.1 0
40439.3 0
40447.4 0
40455.6 0
40463.7 0
40471.9 0
40480 0
40488.1 0
40496.3 0
40504.4 0
40512.6 0
40520.7 0
40528.8 0
40537 0
40545.1 0
40553.3 0
40561.4 0
40569.6 0
40577.7 0
40585.8 0
40594 0
40602.1 0
40610.3 0
40618.4 0
40626.5 0
40634.7 0
40642.8 0
40651 0
40659.1 0
40667.3 0
40675.4 0
40683.5 0
40691.7 0
40699.8 0
40708 0
40716.1 0
40724.2 0
40732.4 0
40740.5 0
40748.7 0
40756.8 0
40765 0
40773.1 0
40781.2 0
40789.4 0
40797.5 0
40805.7 0
40813.8 0
40821.9 0
40830.1 0
40838.2 0
40846.4 0
40854.5 0
40862.7 0
40870.8 0
40878.9 0
40887.1 0
40895.2 0
40903.4 0
40911.5 0
40919.6 0
40927.8 0
40935.9 0
40944.1 0
40952.2 0
40960.4 0
40968.5 0
40976.6 0
40984.8 0
40992.9 0
41001.1 0
41009.2 0
41017.3 0
41025.5 0
41033.6 0
41041.8 0
41049.9 0
41058.1 0
41066.2 0
41074.3 0
41082.5 0
41090.6 0
41098.8 0
41106.9 0
41115 0
41123.2 0
41131.3 0
41139.5 0
41147.6 0
41155.8 0
41163.9 0
41172 0
41180.2 0
41188.3 0
41196.5 0
41204.6 0
41212.7 0
41220.9 0
41229 0
41237.2 0
41245.3 0
41253.4 0
41261.6 0
41269.7 0
41277.9 0
41286 0
41294.2 0
41302.3 0
41310.4 0
41318.6 0
41326.7 0
41334.9 0
41343 0
41351.1 0
41359.3 0
41367.4 0
41375.6 0
41383.7 0
41391.9 0
41400 0
41408.1 0
41416.3 0
41424.4 0
41432.6 0
41440.7 0
41448.8 0
41457 0
41465.1 0
41473.3 0
41481.4 0
41489.6 0
41497.7 0
41505.8 0
41514 0
41522.1 0
41530.3 0
41538.4 0
41546.5 0
41554.7 0
41562.8 0
41571 0
41579.1 0
41587.3 0
41595.4 0
41603.5 0
41611.7 0
41619.8 0
41628 0
41636.1 0
41644.2 0
41652.4 0
41660.5 0
41668.7 0
41676.8 0
41685 0
41693.1 0
41701.2 0
41709.4 0
41717.5 0
41725.7 0
41733.8 0
41741.9 0
41750.1 0
41758.2 0
41766.4 0
41774.5 0
41782.7 0
41790.8 0
41798.9 0
41807.1 0
41815.2 0
41823.4 0
41831.5 0
41839.6 0
41847.8 0
41855.9 0
41864.1 0
41872.2 0
41880.4 0
41888.5 0
41896.6 0
41904.8 0
41912.9 0
41921.1 0
41929.2 0
41937.3 0
41945.5 0
41953.6 0
41961.8 0
41969.9 0
41978.1 0
41986.2 0
41994.3 0
42002.5 0
42010.6 0
42018.8 0
42026.9 0
42035 0
42043.2 0
42051.3 0
42059.5 0
42067.6 0
42075.8 0
42083.9 0
42092 0
42100.2 0
42108.3 0
42116.5 0
42124.6 0
42132.7 0
42140.9 0
42149 0
42157.2 0
42165.3 0
42173.4 0
42181.6 0
42189.7 0
42197.9 0
42206 0
42214.2 0
42222.3 0
42230.4 0
42238.6 0
42246.7 0
42254.9 0
42263 0
42271.1 0
42279.3 0
42287.4 0
42295.6 0
42303.7 0
42311.9 0
42320 0
42328.1 0
42336.3 0
42344.4 0
42352.6 0
42360.7 0
42368.8 0
42377 0
42385.1 0
42393.3 0
42401.4 0
42409.6 0
42417.7 0
42425.8 0
42434 0
42442.1 0
42450.3 0
42458.4 0
42466.5 0
42474.7 0
42482.8 0
42491 0
42499.1 0
42507.3 0
42515.4 0
42523.5 0
42531.7 0
42539.8 0
42548 0
42556.1 0
42564.2 0
42572.4 0
42580.5 0
42588.7 0
42596.8 0
42605 0
42613.1 0
42621.2 0
42629.4 0
42637.5 0
42645.7 0
42653.8 0
42661.9 0
42670.1 0
42678.2 0
42686.4 0
42694.5 0
42702.7 0
42710.8 0
42718.9 0
42727.1 0
42735.2 0
42743.4 0
42751.5 0
42759.6 0
42767.8 0
42775.9 0
42784.1 0
42792.2 0
42800.4 0
42808.5 0
42816.6 0
42824.8 0
42832.9 0
42841.1 0
42849.2 0
42857.3 0
42865.5 0
42873.6 0
42881.8 0
42889.9 0
42898.1 0
42906.2 0
42914.3 0
42922.5 0
42930.6 0
42938.8 0
42946.9 0
42955 0
42963.2 0
42971.3 0
42979.5 0
42987.6 0
42995.8 0
43003.9 0
43012 0
43020.2 0
43028.3 0
43036.5 0
43044.6 0
43052.7 0
43060.9 0
43069 0
43077.2 0
43085.3 0
43093.4 0
43101.6 0
43109.7 0
43117.9 0
43126 0
43134.2 0
43142.3 0
43150.4 0
43158.6 0
43166.7 0
43174.9 0
43183 0
43191.1 0
43199.3 0
43207.4 0
43215.6 0
43223.7 0
43231.9 0
43240 0
43248.1 0
43256.3 0
43264.4 0
43272.6 0
43280.7 0
43288.8 0
43297 0
43305.1 0
43313.3 0
43321.4 0
43329.6 0
43337.7 0
43345.8 0
43354 0
43362.1 0
43370.3 0
43378.4 0
43386.5 0
43394.7 0
43402.8 0
43411 0
43419.1 0
43427.3 0
43435.4 0
43443.5 0
43451.7 0
43459.8 0
43468 0
43476.1 0
43484.2 0
43492.4 0
43500.5 0
43508.7 0
43516.8 0
43525 0
43533.1 0
43541.2 0
43549.4 0
43557.5 0
43565.7 0
43573.8 0
43581.9 0
43590.1 0
43598.2 0
43606.4 0
43614.5 0
43622.7 0
43630.8 0
43638.9 0
43647.1 0
43655.2 0
43663.4 0
43671.5 0
43679.6 0
43687.8 0
43695.9 0
43704.1 0
43712.2 0
43720.4 0
43728.5 0
43736.6 0
43744.8 0
43752.9 0
43761.1 0
43769.2 0
43777.3 0
43785.5 0
43793.6 0
43801.8 0
43809.9 0
43818.1 0
43826.2 0
43834.3 0
43842.5 0
43850.6 0
43858.8 0
43866.9 0
43875 0
43883.2 0
43891.3 0
43899.5 0
43907.6 0
43915.8 0
43923.9 0
43932 0
43940.2 0
43948.3 0
43956.5 0
43964.6 0
43972.7 0
43980.9 0
43989 0
43997.2 0
44005.3 0
44013.4 0
44021.6 0
44029.7 0
44037.9 0
44046 0
44054.2 0
44062.3 0
44070.4 0
44078.6 0
44086.7 0
44094.9 0
44103 0
44111.1 0
44119.3 0
44127.4 0
44135.6 0
44143.7 0
44151.9 0
44160 0
44168.1 0
44176.3 0
44184.4 0
44192.6 0
44200.7 0
44208.8 0
44217 0
44225.1 0
44233.3 0
44241.4 0
44249.6 0
44257.7 0
44265.8 0
44274 0
44282.1 0
44290.3 0
44298.4 0
44306.5 0
44314.7 0
44322.8 0
44331 0
44339.1 0
44347.3 0
44355.4 0
44363.5 0
44371.7 0
44379.8 0
44388 0
44396.1 0
44404.2 0
44412.4 0
44420.5 0
44428.7 0
44436.8 0
44445 0
44453.1 0
44461.2 0
44469.4 0
44477.5 0
44485.7 0
44493.8 0
44501.9 0
44510.1 0
44518.2 0
44526.4 0
44534.5 0
44542.7 0
44550.8 0
44558.9 0
44567.1 0
44575.2 0
44583.4 0
44591.5 0
44599.6 0
44607.8 0
44615.9 0
44624.1 0
44632.2 0
44640.4 0
44648.5 0
44656.6 0
44664.8 0
44672.9 0
44681.1 0
44689.2 0
44697.3 0
44705.5 0
44713.6 0
44721.8 0
44729.9 0
44738.1 0
44746.2 0
44754.3 0
44762.5 0
44770.6 0
44778.8 0
44786.9 0
44795 0
44803.2 0
44811.3 0
44819.5 0
44827.6 0
44835.8 0
44843.9 0
44852 0
44860.2 0
44868.3 0
44876.5 0
44884.6 0
44892.7 0
44900.9 0
44909 0
44917.2 0
44925.3 0
44933.4 0
44941.6 0
44949.7 0
44957.9 0
44966 0
44974.2 0
44982.3 0
44990.4 0
44998.6 0
45006.7 0
45014.9 0
45023 0
45031.1 0
45039.3 0
45047.4 0
45055.6 0
45063.7 0
45071.9 0
45080 0
45088.1 0
45096.3 0
45104.4 0
45112.6 0
45120.7 0
45128.8 0
45137 0
45145.1 0
45153.3 0
45161.4 0
45169.6 0
45177.7 0
45185.8 0
45194 0
45202.1 0
45210.3 0
45218.4 0
45226.5 0
45234.7 0
45242.8 0
45251 0
45259.1 0
45267.3 0
45275.4 0
45283.5 0
45291.7 0
45299.8 0
45308 0
45316.1 0
45324.2 0
45332.4 0
45340.5 0
45348.7 0
45356.8 0
45365 0
45373.1 0
45381.2 0
45389.4 0
45397.5 0
45405.7 0
45413.8 0
45421.9 0
45430.1 0
45438.2 0
45446.4 0
45454.5 0
45462.7 0
45470.8 0
45478.9 0
45487.1 0
45495.2 0
45503.4 0
45511.5 0
45519.6 0
45527.8 0
45535.9 0
45544.1 0
45552.2 0
45560.4 0
45568.5 0
45576.6 0
45584.8 0
45592.9 0
45601.1 0
45609.2 0
45617.3 0
45625.5 0
45633.6 0
45641.8 0
45649.9 0
45658.1 0
45666.2 0
45674.3 0
45682.5 0
45690.6 0
45698.8 0
45706.9 0
45715 0
45723.2 0
45731.3 0
45739.5 0
45747.6 0
45755.8 0
45763.9 0
45772 0
45780.2 0
45788.3 0
45796.5 0
45804.6 0
45812.7 0
45820.9 0
45829 0
45837.2 0
45845.3 0
45853.4 0
45861.6 0
45869.7 0
45877.9 0
45886 0
45894.2 0
45902.3 0
45910.4 0
45918.6 0
45926.7 0
45934.9 0
45943 0
45951.1 0
45959.3 0
45967.4 0
45975.6 0
45983.7 0
45991.9 0
46000 0
46008.1 0
46016.3 0
46024.4 0
46032.6 0
46040.7 0
46048.8 0
46057 0
46065.1 0
46073.3 0
46081.4 0
46089.6 0
46097.7 0
46105.8 0
46114 0
46122.1 0
46130.3 0
46138.4 0
46146.5 0
46154.7 0
46162.8 0
46171 0
46179.1 0
46187.3 0
46195.4 0
46203.5 0
46211.7 0
46219.8 0
46228 0
46236.1 0
46244.2 0
46252.4 0
46260.5 0
46268.7 0
46276.8 0
46285 0
46293.1 0
46301.2 0
46309.4 0
46317.5 0
46325.7 0
46333.8 0
46341.9 0
46350.1 0
46358.2 0
46366.4 0
46374.5 0
46382.7 0
46390.8 0
46398.9 0
46407.1 0
46415.2 0
46423.4 0
46431.5 0
46439.6 0
46447.8 0
46455.9 0
46464.1 0
46472.2 0
46480.4 0
46488.5 0
46496.6 0
46504.8 0
46512.9 0
46521.1 0
46529.2 0
46537.3 0
46545.5 0
46553.6 0
46561.8 0
46569.9 0
46578.1 0
46586.2 0
46594.3 0
46602.5 0
46610.6 0
46618.8 0
46626.9 0
46635 0
46643.2 0
46651.3 0
46659.5 0
46667.6 0
46675.8 0
46683.9 0
46692 0
46700.2 0
46708.3 0
46716.5 0
46724.6 0
46732.7 0
46740.9 0
46749 0
46757.2 0
46765.3 0
46773.4 0
46781.6 0
46789.7 0
46797.9 0
46806 0
46814.2 0
46822.3 0
46830.4 0
46838.6 0
46846.7 0
46854.9 0
46863 0
46871.1 0
46879.3 0
46887.4 0
46895.6 0
46903.7 0
46911.9 0
46920 0
46928.1 0
46936.3 0
46944.4 0
46952.6 0
46960.7 0
46968.8 0
46977 0
46985.1 0
46993.3 0
47001.4 0
47009.6 0
47017.7 0
47025.8 0
47034 0
47042.1 0
47050.3 0
47058.4 0
47066.5 0
47074.7 0
47082.8 0
47091 0
47099.1 0
47107.3 0
47115.4 0
47123.5 0
47131.7 0
47139.8 0
47148 0
47156.1 0
47164.2 0
47172.4 0
47180.5 0
47188.7 0
47196.8 0
47205 0
47213.1 0
47221.2 0
47229.4 0
47237.5 0
47245.7 0
47253.8 0
47261.9 0
47270.1 0
47278.2 0
47286.4 0
47294.5 0
47302.7 0
47310.8 0
47318.9 0
47327.1 0
47335.2 0
47343.4 0
47351.5 0
47359.6 0
47367.8 0
47375.9 0
47384.1 0
47392.2 0
47400.4 0
47408.5 0
47416.6 0
47424.8 0
47432.9 0
47441.1 0
47449.2 0
47457.3 0
47465.5 0
47473.6 0
47481.8 0
47489.9 0
47498.1 0
47506.2 0
47514.3 0
47522.5 0
47530.6 0
47538.8 0
47546.9 0
47555 0
47563.2 0
47571.3 0
47579.5 0
47587.6 0
47595.8 0
47603.9 0
47612 0
47620.2 0
47628.3 0
47636.5 0
47644.6 0
47652.7 0
47660.9 0
47669 0
47677.2 0
47685.3 0
47693.4 0
47701.6 0
47709.7 0
47717.9 0
47726 0
47734.2 0
47742.3 0
47750.4 0
47758.6 0
47766.7 0
47774.9 0
47783 0
47791.1 0
47799.3 0
47807.4 0
47815.6 0
47823.7 0
47831.9 0
47840 0
47848.1 0
47856.3 0
47864.4 0
47872.6 0
47880.7 0
47888.8 0
47897 0
47905.1 0
47913.3 0
47921.4 0
47929.6 0
47937.7 0
47945.8 0
47954 0
47962.1 0
47970.3 0
47978.4 0
47986.5 0
47994.7 0
48002.8 0
48011 0
48019.1 0
48027.3 0
48035.4 0
48043.5 0
48051.7 0
48059.8 0
48068 0
48076.1 0
48084.2 0
48092.4 0
48100.5 0
48108.7 0
48116.8 0
48125 0
48133.1 0
48141.2 0
48149.4 0
48157.5 0
48165.7 0
48173.8 0
48181.9 0
48190.1 0
48198.2 0
48206.4 0
48214.5 0
48222.7 0
48230.8 0
48238.9 0
48247.1 0
48255.2 0
48263.4 0
48271.5 0
48279.6 0
48287.8 0
48295.9 0
48304.1 0
48312.2 0
48320.4 0
48328.5 0
48336.6 0
48344.8 0
48352.9 0
48361.1 0
48369.2 0
48377.3 0
48385.5 0
48393.6 0
48401.8 0
48409.9 0
48418.1 0
48426.2 0
48434.3 0
48442.5 0
48450.6 0
48458.8 0
48466.9 0
48475 0
48483.2 0
48491.3 0
48499.5 0
48507.6 0
48515.8 0
48523.9 0
48532 0
48540.2 0
48548.3 0
48556.5 0
48564.6 0
48572.7 0
48580.9 0
48589 0
48597.2 0
48605.3 0
48613.4 0
48621.6 0
48629.7 0
48637.9 0
48646 0
48654.2 0
48662.3 0
48670.4 0
48678.6 0
48686.7 0
48694.9 0
48703 0
48711.1 0
48719.3 0
48727.4 0
48735.6 0
48743.7 0
48751.9 0
48760 0
48768.1 0
48776.3 0
48784.4 0
48792.6 0
48800.7 0
48808.8 0
48817 0
48825.1 0
48833.3 0
48841.4 0
48849.6 0
48857.7 0
48865.8 0
48874 0
48882.1 0
48890.3 0
48898.4 0
48906.5 0
48914.7 0
48922.8 0
48931 0
48939.1 0
48947.3 0
48955.4 0
48963.5 0
48971.7 0
48979.8 0
48988 0
48996.1 0
49004.2 0
49012.4 0
49020.5 0
49028.7 0
49036.8 0
49045 0
49053.1 0
49061.2 0
49069.4 0
49077.5 0
49085.7 0
49093.8 0
49101.9 0
49110.1 0
49118.2 0
49126.4 0
49134.5 0
49142.7 0
49150.8 0
49158.9 0
49167.1 0
49175.2 0
49183.4 0
49191.5 0
49199.6 0
49207.8 0
49215.9 0
49224.1 0
49232.2 0
49240.4 0
49248.5 0
49256.6 0
49264.8 0
49272.9 0
49281.1 0
49289.2 0
49297.3 0
49305.5 0
49313.6 0
49321.8 0
49329.9 0
49338.1 0
49346.2 0
49354.3 0
49362.5 0
49370.6 0
49378.8 0
49386.9 0
49395 0
49403.2 0
49411.3 0
49419.5 0
49427.6 0
49435.8 0
49443.9 0
49452 0
49460.2 0
49468.3 0
49476.5 0
49484.6 0
49492.7 0
49500.9 0
49509 0
49517.2 0
49525.3 0
49533.4 0
49541.6 0
49549.7 0
49557.9 0
49566 0
49574.2 0
49582.3 0
49590.4 0
49598.6 0
49606.7 0
49614.9 0
49623 0
49631.1 0
49639.3 0
49647.4 0
49655.6 0
49663.7 0
49671.9 0
49680 0
49688.1 0
49696.3 0
49704.4 0
49712.6 0
49720.7 0
49728.8 0
49737 0
49745.1 0
49753.3 0
49761.4 0
49769.6 0
49777.7 0
49785.8 0
49794 0
49802.1 0
49810.3 0
49818.4 0
49826.5 0
49834.7 0
49842.8 0
49851 0
49859.1 0
49867.3 0
49875.4 0
49883.5 0
49891.7 0
49899.8 0
49908 0
49916.1 0
49924.2 0
49932.4 0
49940.5 0
49948.7 0
49956.8 0
49965 0
49973.1 0
49981.2 0
49989.4 0
49997.5 0
50005.7 0
50013.8 0
50021.9 0
50030.1 0
50038.2 0
50046.4 0
50054.5 0
50062.7 0
50070.8 0
50078.9 0
50087.1 0
50095.2 0
50103.4 0
50111.5 0
50119.6 0
50127.8 0
50135.9 0
50144.1 0
50152.2 0
50160.4 0
50168.5 0
50176.6 0
50184.8 0
50192.9 0
50201.1 0
50209.2 0
50217.3 0
50225.5 0
50233.6 0
50241.8 0
50249.9 0
50258.1 0
50266.2 0
50274.3 0
50282.5 0
50290.6 0
50298.8 0
50306.9 0
50315 0
50323.2 0
50331.3 0
50339.5 0
50347.6 0
50355.8 0
50363.9 0
50372 0
50380.2 0
50388.3 0
50396.5 0
50404.6 0
50412.7 0
50420.9 0
50429 0
50437.2 0
50445.3 0
50453.4 0
50461.6 0
50469.7 0
50477.9 0
50486 0
50494.2 0
50502.3 0
50510.4 0
50518.6 0
50526.7 0
50534.9 0
50543 0
50551.1 0
50559.3 0
50567.4 0
50575.6 0
50583.7 0
50591.9 0
50600 0
50608.1 0
50616.3 0
50624.4 0
50632.6 0
50640.7 0
50648.8 0
50657 0
50665.1 0
50673.3 0
50681.4 0
50689.6 0
50697.7 0
50705.8 0
50714 0
50722.1 0
50730.3 0
50738.4 0
50746.5 0
50754.7 0
50762.8 0
50771 0
50779.1 0
50787.3 0
50795.4 0
50803.5 0
50811.7 0
50819.8 0
50828 0
50836.1 0
50844.2 0
50852.4 0
50860.5 0
50868.7 0
50876.8 0
50885 0
50893.1 0
50901.2 0
50909.4 0
50917.5 0
50925.7 0
50933.8 0
50941.9 0
50950.1 0
50958.2 0
50966.4 0
50974.5 0
50982.7 0
50990.8 0
50998.9 0
51007.1 0
51015.2 0
51023.4 0
51031.5 0
51039.6 0
51047.8 0
51055.9 0
51064.1 0
51072.2 0
51080.4 0
51088.5 0
51096.6 0
51104.8 0
51112.9 0
51121.1 0
51129.2 0
51137.3 0
51145.5 0
51153.6 0
51161.8 0
51169.9 0
51178.1 0
51186.2 0
51194.3 0
51202.5 0
51210.6 0
51218.8 0
51226.9 0
51235 0
51243.2 0
51251.3 0
51259.5 0
51267.6 0
51275.8 0
51283.9 0
51292 0
51300.2 0
51308.3 0
51316.5 0
51324.6 0
51332.7 0
51340.9 0
51349 0
51357.2 0
51365.3 0
51373.4 0
51381.6 0
51389.7 0
51397.9 0
51406 0
51414.2 0
51422.3 0
51430.4 0
51438.6 0
51446.7 0
51454.9 0
51463 0
51471.1 0
51479.3 0
51487.4 0
51495.6 0
51503.7 0
51511.9 0
51520 0
51528.1 0
51536.3 0
51544.4 0
51552.6 0
51560.7 0
51568.8 0
51577 0
51585.1 0
51593.3 0
51601.4 0
51609.6 0
51617.7 0
51625.8 0
51634 0
51642.1 0
51650.3 0
51658.4 0
51666.5 0
51674.7 0
51682.8 0
51691 0
51699.1 0
51707.3 0
51715.4 0
51723.5 0
51731.7 0
51739.8 0
51748 0
51756.1 0
51764.2 0
51772.4 0
51780.5 0
51788.7 0
51796.8 0
51805 0
51813.1 0
51821.2 0
51829.4 0
51837.5 0
51845.7 0
51853.8 0
51861.9 0
51870.1 0
51878.2 0
51886.4 0
51894.5 0
51902.7 0
51910.8 0
51918.9 0
51927.1 0
51935.2 0
51943.4 0
51951.5 0
51959.6 0
51967.8 0
51975.9 0
51984.1 0
51992.2 0
52000.4 0
52008.5 0
52016.6 0
52024.8 0
52032.9 0
52041.1 0
52049.2 0
52057.3 0
52065.5 0
52073.6 0
52081.8 0
52089.9 0
52098.1 0
52106.2 0
52114.3 0
52122.5 0
52130.6 0
52138.8 0
52146.9 0
52155 0
52163.2 0
52171.3 0
52179.5 0
52187.6 0
52195.8 0
52203.9 0
52212 0
52220.2 0
52228.3 0
52236.5 0
52244.6 0
52252.7 0
52260.9 0
52269 0
52277.2 0
52285.3 0
52293.4 0
52301.6 0
52309.7 0
52317.9 0
52326 0
52334.2 0
52342.3 0
52350.4 0
52358.6 0
52366.7 0
52374.9 0
52383 0
52391.1 0
52399.3 0
52407.4 0
52415.6 0
52423.7 0
52431.9 0
52440 0
52448.1 0
52456.3 0
52464.4 0
52472.6 0
52480.7 0
52488.8 0
52497 0
52505.1 0
52513.3 0
52521.4 0
52529.6 0
52537.7 0
52545.8 0
52554 0
52562.1 0
52570.3 0
52578.4 0
52586.5 0
52594.7 0
52602.8 0
52611 0
52619.1 0
52627.3 0
52635.4 0
52643.5 0
52651.7 0
52659.8 0
52668 0
52676.1 0
52684.2 0
52692.4 0
52700.5 0
52708.7 0
52716.8 0
52725 0
52733.1 0
52741.2 0
52749.4 0
52757.5 0
52765.7 0
52773.8 0
52781.9 0
52790.1 0
52798.2 0
52806.4 0
52814.5 0
52822.7 0
52830.8 0
52838.9 0
52847.1 0
52855.2 0
52863.4 0
52871.5 0
52879.6 0
52887.8 0
52895.9 0
52904.1 0
52912.2 0
52920.4 0
52928.5 0
52936.6 0
52944.8 0
52952.9 0
52961.1 0
52969.2 0
52977.3 0
52985.5 0
52993.6 0
53001.8 0
53009.9 0
53018.1 0
53026.2 0
53034.3 0
53042.5 0
53050.6 0
53058.8 0
53066.9 0
53075 0
53083.2 0
53091.3 0
53099.5 0
53107.6 0
53115.8 0
53123.9 0
53132 0
53140.2 0
53148.3 0
53156.5 0
53164.6 0
53172.7 0
53180.9 0
53189 0
53197.2 0
53205.3 0
53213.4 0
53221.6 0
53229.7 0
53237.9 0
53246 0
53254.2 0
53262.3 0
53270.4 0
53278.6 0
53286.7 0
53294.9 0
53303 0
53311.1 0
53319.3 0
53327.4 0
53335.6 0
53343.7 0
53351.9 0
53360 0
53368.1 0
53376.3 0
53384.4 0
53392.6 0
53400.7 0
53408.8 0
53417 0
53425.1 0
53433.3 0
53441.4 0
53449.6 0
53457.7 0
53465.8 0
53474 0
53482.1 0
53490.3 0
53498.4 0
53506.5 0
53514.7 0
53522.8 0
53531 0
53539.1 0
53547.3 0
53555.4 0
53563.5 0
53571.7 0
53579.8 0
53588 0
53596.1 0
53604.2 0
53612.4 0
53620.5 0
53628.7 0
53636.8 0
53645 0
53653.1 0
53661.2 0
53669.4 0
53677.5 0
53685.7 0
53693.8 0
53701.9 0
53710.1 0
53718.2 0
53726.4 0
53734.5 0
53742.7 0
53750.8 0
53758.9 0
53767.1 0
53775.2 0
53783.4 0
53791.5 0
53799.6 0
53807.8 0
53815.9 0
53824.1 0
53832.2 0
53840.4 0
53848.5 0
53856.6 0
53864.8 0
53872.9 0
53881.1 0
53889.2 0
53897.3 0
53905.5 0
53913.6 0
53921.8 0
53929.9 0
53938.1 0
53946.2 0
53954.3 0
53962.5 0
53970.6 0
53978.8 0
53986.9 0
53995 0
54003.2 0
54011.3 0
54019.5 0
54027.6 0
54035.8 0
54043.9 0
54052 0
54060.2 0
54068.3 0
54076.5 0
54084.6 0
54092.7 0
54100.9 0
54109 0
54117.2 0
54125.3 0
54133.4 0
54141.6 0
54149.7 0
54157.9 0
54166 0
54174.2 0
54182.3 0
54190.4 0
54198.6 0
54206.7 0
54214.9 0
54223 0
54231.1 0
54239.3 0
54247.4 0
54255.6 0
54263.7 0
54271.9 0
54280 0
54288.1 0
54296.3 0
54304.4 0
54312.6 0
54320.7 0
54328.8 0
54337 0
54345.1 0
54353.3 0
54361.4 0
54369.6 0
54377.7 0
54385.8 0
54394 0
54402.1 0
54410.3 0
54418.4 0
54426.5 0
54434.7 0
54442.8 0
54451 0
54459.1 0
54467.3 0
54475.4 0
54483.5 0
54491.7 0
54499.8 0
54508 0
54516.1 0
54524.2 0
54532.4 0
54540.5 0
54548.7 0
54556.8 0
54565 0
54573.1 0
54581.2 0
54589.4 0
54597.5 0
54605.7 0
54613.8 0
54621.9 0
54630.1 0
54638.2 0
54646.4 0
54654.5 0
54662.7 0
54670.8 0
54678.9 0
54687.1 0
54695.2 0
54703.4 0
54711.5 0
54719.6 0
54727.8 0
54735.9 0
54744.1 0
54752.2 0
54760.4 0
54768.5 0
54776.6 0
54784.8 0
54792.9 0
54801.1 0
54809.2 0
54817.3 0
54825.5 0
54833.6 0
54841.8 0
54849.9 0
54858.1 0
54866.2 0
54874.3 0
54882.5 0
54890.6 0
54898.8 0
54906.9 0
54915 0
54923.2 0
54931.3 0
54939.5 0
54947.6 0
54955.8 0
54963.9 0
54972 0
54980.2 0
54988.3 0
54996.5 0
55004.6 0
55012.7 0
55020.9 0
55029 0
55037.2 0
55045.3 0
55053.4 0
55061.6 0
55069.7 0
55077.9 0
55086 0
55094.2 0
55102.3 0
55110.4 0
55118.6 0
55126.7 0
55134.9 0
55143 0
55151.1 0
55159.3 0
55167.4 0
55175.6 0
55183.7 0
55191.9 0
55200 0
55208.1 0
55216.3 0
55224.4 0
55232.6 0
55240.7 0
55248.8 0
55257 0
55265.1 0
55273.3 0
55281.4 0
55289.6 0
55297.7 0
55305.8 0
55314 0
55322.1 0
55330.3 0
55338.4 0
55346.5 0
55354.7 0
55362.8 0
55371 0
55379.1 0
55387.3 0
55395.4 0
55403.5 0
55411.7 0
55419.8 0
55428 0
55436.1 0
55444.2 0
55452.4 0
55460.5 0
55468.7 0
55476.8 0
55485 0
55493.1 0
55501.2 0
55509.4 0
55517.5 0
55525.7 0
55533.8 0
55541.9 0
55550.1 0
55558.2 0
55566.4 0
55574.5 0
55582.7 0
55590.8 0
55598.9 0
55607.1 0
55615.2 0
55623.4 0
55631.5 0
55639.6 0
55647.8 0
55655.9 0
55664.1 0
55672.2 0
55680.4 0
55688.5 0
55696.6 0
55704.8 0
55712.9 0
55721.1 0
55729.2 0
55737.3 0
55745.5 0
55753.6 0
55761.8 0
55769.9 0
55778.1 0
55786.2 0
55794.3 0
55802.5 0
55810.6 0
55818.8 0
55826.9 0
55835 0
55843.2 0
55851.3 0
55859.5 0
55867.6 0
55875.8 0
55883.9 0
55892 0
55900.2 0
55908.3 0
55916.5 0
55924.6 0
55932.7 0
55940.9 0
55949 0
55957.2 0
55965.3 0
55973.4 0
55981.6 0
55989.7 0
55997.9 0
56006 0
56014.2 0
56022.3 0
56030.4 0
56038.6 0
56046.7 0
56054.9 0
56063 0
56071.1 0.00407727
56079.3 0
56087.4 0
56095.6 0
56103.7 0
56111.9 0
56120 0
56128.1 0
56136.3 0
56144.4 0
56152.6 0
56160.7 0
56168.8 0
56177 0
56185.1 0
56193.3 0
56201.4 0
56209.6 0
56217.7 0
56225.8 0
56234 0
56242.1 0
56250.3 0
56258.4 0
56266.5 0
56274.7 0
56282.8 0
56291 0
56299.1 0
56307.3 0
56315.4 0
56323.5 0
56331.7 0
56339.8 0
56348 0
56356.1 0
56364.2 0
56372.4 0
56380.5 0
56388.7 0
56396.8 0
56405 0
56413.1 0
56421.2 0
56429.4 0
56437.5 0
56445.7 0
56453.8 0
56461.9 0
56470.1 0
56478.2 0
56486.4 0
56494.5 0
56502.7 0
56510.8 0
56518.9 0
56527.1 0
56535.2 0
56543.4 0
56551.5 0
56559.6 0
56567.8 0
56575.9 0
56584.1 0
56592.2 0
56600.4 0
56608.5 0
56616.6 0
56624.8 0
56632.9 0
56641.1 0
56649.2 0
56657.3 0
56665.5 0
56673.6 0
56681.8 0
56689.9 0
56698.1 0
56706.2 0
56714.3 0
56722.5 0
56730.6 0
56738.8 0
56746.9 0
56755 0
56763.2 0
56771.3 0
56779.5 0
56787.6 0
56795.8 0
56803.9 0
56812 0
56820.2 0
56828.3 0
56836.5 0
56844.6 0
56852.7 0
56860.9 0
56869 0
56877.2 0
56885.3 0
56893.4 0
56901.6 0
56909.7 0
56917.9 0
56926 0
56934.2 0
56942.3 0
56950.4 0
56958.6 0
56966.7 0
56974.9 0
56983 0
56991.1 0
56999.3 0
57007.4 0
57015.6 0
57023.7 0
57031.9 0
57040 0
57048.1 0
57056.3 0
57064.4 0
57072.6 0
57080.7 0
57088.8 0
57097 0
57105.1 0
57113.3 0
57121.4 0
57129.6 0
57137.7 0
57145.8 0
57154 0
57162.1 0
57170.3 0
57178.4 0
57186.5 0
57194.7 0
57202.8 0
57211 0
57219.1 0
57227.3 0
57235.4 0
57243.5 0
57251.7 0
57259.8 0
57268 0
57276.1 0
57284.2 0
57292.4 0
57300.5 0
57308.7 0
57316.8 0
57325 0
57333.1 0
57341.2 0
57349.4 0
57357.5 0
57365.7 0
57373.8 0
57381.9 0
57390.1 0
57398.2 0
57406.4 0
57414.5 0
57422.7 0
57430.8 0
57438.9 0
57447.1 0
57455.2 0
57463.4 0
57471.5 0
57479.6 0
57487.8 0
57495.9 0
57504.1 0
57512.2 0
57520.4 0
57528.5 0
57536.6 0
57544.8 0
57552.9 0
57561.1 0
57569.2 0
57577.3 0
57585.5 0
57593.6 0
57601.8 0
57609.9 0
57618.1 0
57626.2 0
57634.3 0
57642.5 0
57650.6 0
57658.8 0
57666.9 0
57675 0
57683.2 0
57691.3 0
57699.5 0
57707.6 0
57715.8 0
57723.9 0
57732 0
57740.2 0
57748.3 0
57756.5 0
57764.6 0
57772.7 0
57780.9 0
57789 0
57797.2 0
57805.3 0
57813.4 0
57821.6 0
57829.7 0
57837.9 0
57846 0
57854.2 0
57862.3 0
57870.4 0
57878.6 0
57886.7 0
57894.9 0
57903 0
57911.1 0
57919.3 0
57927.4 0
57935.6 0
57943.7 0
57951.9 0
57960 0
57968.1 0
57976.3 0
57984.4 0
57992.6 0
58000.7 0
58008.8 0
58017 0
58025.1 0
58033.3 0
58041.4 0
58049.6 0
58057.7 0
58065.8 0
58074 0
58082.1 0
58090.3 0
58098.4 0
58106.5 0
58114.7 0
58122.8 0
58131 0
58139.1 0
58147.3 0
58155.4 0
58163.5 0
58171.7 0
58179.8 0
58188 0
58196.1 0
58204.2 0
58212.4 0
58220.5 0
58228.7 0
58236.8 0
58245 0
58253.1 0
58261.2 0
58269.4 0
58277.5 0
58285.7 0
58293.8 0
58301.9 0
58310.1 0
58318.2 0
58326.4 0
58334.5 0
58342.7 0
58350.8 0
58358.9 0
58367.1 0
58375.2 0
58383.4 0
58391.5 0
58399.6 0
58407.8 0
58415.9 0
58424.1 0
58432.2 0
58440.4 0
58448.5 0
58456.6 0
58464.8 0
58472.9 0
58481.1 0
58489.2 0
58497.3 0
58505.5 0
58513.6 0
58521.8 0
58529.9 0
58538.1 0
58546.2 0
58554.3 0
58562.5 0
58570.6 0
58578.8 0
58586.9 0
58595 0
58603.2 0
58611.3 0
58619.5 0
58627.6 0
58635.8 0
58643.9 0
58652 0
58660.2 0
58668.3 0
58676.5 0
58684.6 0
58692.7 0
58700.9 0
58709 0
58717.2 0
58725.3 0
58733.4 0
58741.6 0
58749.7 0
58757.9 0
58766 0
58774.2 0
58782.3 0
58790.4 0
58798.6 0
58806.7 0
58814.9 0
58823 0
58831.1 0
58839.3 0
58847.4 0
58855.6 0
58863.7 0
58871.9 0
58880 0
58888.1 0
58896.3 0
58904.4 0
58912.6 0
58920.7 0
58928.8 0
58937 0
58945.1 0
58953.3 0
58961.4 0
58969.6 0
58977.7 0
58985.8 0
58994 0
59002.1 0
59010.3 0
59018.4 0
59026.5 0
59034.7 0
59042.8 0
59051 0
59059.1 0
59067.3 0
59075.4 0
59083.5 0
59091.7 0
59099.8 0
59108 0
59116.1 0
59124.2 0
59132.4 0
59140.5 0
59148.7 0
59156.8 0
59165 0
59173.1 0
59181.2 0
59189.4 0
59197.5 0
59205.7 0
59213.8 0
59221.9 0
59230.1 0
59238.2 0
59246.4 0
59254.5 0
59262.7 0
59270.8 0
59278.9 0
59287.1 0
59295.2 0
59303.4 0
59311.5 0
59319.6 0
59327.8 0
59335.9 0
59344.1 0
59352.2 0
59360.4 0
59368.5 0
59376.6 0
59384.8 0
59392.9 0
59401.1 0
59409.2 0
59417.3 0
59425.5 0
59433.6 0
59441.8 0
59449.9 0
59458.1 0
59466.2 0
59474.3 0
59482.5 0
59490.6 0
59498.8 0
59506.9 0
59515 0
59523.2 0
59531.3 0
59539.5 0
59547.6 0
59555.8 0
59563.9 0
59572 0
59580.2 0
59588.3 0
59596.5 0
59604.6 0
59612.7 0
59620.9 0
59629 0
59637.2 0
59645.3 0
59653.4 0
59661.6 0
59669.7 0
59677.9 0
59686 0
59694.2 0
59702.3 0
59710.4 0
59718.6 0
59726.7 0
59734.9 0
59743 0
59751.1 0
59759.3 0
59767.4 0
59775.6 0
59783.7 0
59791.9 0
59800 0
59808.1 0
59816.3 0
59824.4 0
59832.6 0
59840.7 0
59848.8 0
59857 0
59865.1 0
59873.3 0
59881.4 0
59889.6 0
59897.7 0
59905.8 0
59914 0
59922.1 0
59930.3 0
59938.4 0
59946.5 0
59954.7 0
59962.8 0
59971 0
59979.1 0
59987.3 0
59995.4 0
60003.5 0
60011.7 0
60019.8 0
60028 0
60036.1 0
60044.2 0
60052.4 0
60060.5 0
60068.7 0
60076.8 0
60085 0
60093.1 0
60101.2 0
60109.4 0
60117.5 0
60125.7 0
60133.8 0
60141.9 0
60150.1 0
60158.2 0
60166.4 0
60174.5 0
60182.7 0
60190.8 0
60198.9 0
60207.1 0
60215.2 0
60223.4 0
60231.5 0
60239.6 0
60247.8 0
60255.9 0
60264.1 0
60272.2 0
60280.4 0
60288.5 0
60296.6 0
60304.8 0
60312.9 0
60321.1 0
60329.2 0
60337.3 0
60345.5 0
60353.6 0
60361.8 0
60369.9 0
60378.1 0
60386.2 0
60394.3 0
60402.5 0
60410.6 0
60418.8 0
60426.9 0
60435 0
60443.2 0
60451.3 0
60459.5 0
60467.6 0
60475.8 0
60483.9 0
60492 0
60500.2 0
60508.3 0
60516.5 0
60524.6 0
60532.7 0
60540.9 0
60549 0
60557.2 0
60565.3 0
60573.4 0
60581.6 0
60589.7 0
60597.9 0
60606 0
60614.2 0
60622.3 0
60630.4 0
60638.6 0
60646.7 0
60654.9 0
60663 0
60671.1 0
60679.3 0
60687.4 0
60695.6 0
60703.7 0
60711.9 0
60720 0
60728.1 0
60736.3 0
60744.4 0
60752.6 0
60760.7 0
60768.8 0
60777 0
60785.1 0
60793.3 0
60801.4 0
60809.6 0
60817.7 0
60825.8 0
60834 0
60842.1 0
60850.3 0
60858.4 0
60866.5 0
60874.7 0
60882.8 0
60891 0
60899.1 0
60907.3 0
60915.4 0
60923.5 0
60931.7 0
60939.8 0
60948 0
60956.1 0
60964.2 0
60972.4 0
60980.5 0
60988.7 0
60996.8 0
61005 0
61013.1 0
61021.2 0
61029.4 0
61037.5 0
61045.7 0
61053.8 0
61061.9 0
61070.1 0
61078.2 0
61086.4 0
61094.5 0
61102.7 0
61110.8 0
61118.9 0
61127.1 0
61135.2 0
61143.4 0
61151.5 0
61159.6 0
61167.8 0
61175.9 0
61184.1 0
61192.2 0
61200.4 0
61208.5 0
61216.6 0
61224.8 0
61232.9 0
61241.1 0
61249.2 0
61257.3 0
61265.5 0
61273.6 0
61281.8 0
61289.9 0
61298.1 0
61306.2 0
61314.3 0
61322.5 0
61330.6 0
61338.8 0
61346.9 0
61355 0
61363.2 0
61371.3 0
61379.5 0
61387.6 0
61395.8 0
61403.9 0
61412 0
61420.2 0
61428.3 0
61436.5 0
61444.6 0
61452.7 0
61460.9 0
61469 0
61477.2 0
61485.3 0
61493.4 0
61501.6 0
61509.7 0
61517.9 0
61526 0
61534.2 0
61542.3 0
61550.4 0
61558.6 0
61566.7 0
61574.9 0
61583 0
61591.1 0
61599.3 0
61607.4 0
61615.6 0
61623.7 0
61631.9 0
61640 0
61648.1 0
61656.3 0
61664.4 0
61672.6 0
61680.7 0
61688.8 0
61697 0
61705.1 0
61713.3 0
61721.4 0
61729.6 0
61737.7 0
61745.8 0
61754 0
61762.1 0
61770.3 0
61778.4 0
61786.5 0
61794.7 0
61802.8 0
61811 0
61819.1 0
61827.3 0
61835.4 0
61843.5 0
61851.7 0
61859.8 0
61868 0
61876.1 0
61884.2 0
61892.4 0
61900.5 0
61908.7 0
61916.8 0
61925 0
61933.1 0
61941.2 0
61949.4 0
61957.5 0
61965.7 0
61973.8 0
61981.9 0
61990.1 0
61998.2 0
62006.4 0
62014.5 0
62022.7 0
62030.8 0
62038.9 0
62047.1 0
62055.2 0
62063.4 0
62071.5 0
62079.6 0
62087.8 0
62095.9 0
62104.1 0
62112.2 0
62120.4 0
62128.5 0
62136.6 0
62144.8 0
62152.9 0
62161.1 0
62169.2 0
62177.3 0
62185.5 0
62193.6 0
62201.8 0
62209.9 0
62218.1 0
62226.2 0
62234.3 0
62242.5 0
62250.6 0
62258.8 0
62266.9 0
62275 0
62283.2 0
62291.3 0
62299.5 0
62307.6 0
62315.8 0
62323.9 0
62332 0
62340.2 0
62348.3 0
62356.5 0
62364.6 0
62372.7 0
62380.9 0
62389 0
62397.2 0
62405.3 0
62413.4 0
62421.6 0
62429.7 0
62437.9 0
62446 0
62454.2 0
62462.3 0
62470.4 0
62478.6 0
62486.7 0
62494.9 0
62503 0
62511.1 0
62519.3 0
62527.4 0
62535.6 0
62543.7 0
62551.9 0
62560 0
62568.1 0
62576.3 0
62584.4 0
62592.6 0
62600.7 0
62608.8 0
62617 0
62625.1 0
62633.3 0
62641.4 0
62649.6 0
62657.7 0
62665.8 0
62674 0
62682.1 0
62690.3 0
62698.4 0
62706.5 0
62714.7 0
62722.8 0
62731 0
62739.1 0
62747.3 0
62755.4 0
62763.5 0
62771.7 0
62779.8 0
62788 0
62796.1 0
62804.2 0
62812.4 0
62820.5 0
62828.7 0
62836.8 0
62845 0
62853.1 0
62861.2 0
62869.4 0
62877.5 0
62885.7 0
62893.8 0
62901.9 0
62910.1 0
62918.2 0
62926.4 0
62934.5 0
62942.7 0
62950.8 0
62958.9 0
62967.1 0
62975.2 0
62983.4 0
62991.5 0
62999.6 0
63007.8 0
63015.9 0
63024.1 0
63032.2 0
63040.4 0
63048.5 0
63056.6 0
63064.8 0
63072.9 0
63081.1 0
63089.2 0
63097.3 0
63105.5 0
63113.6 0
63121.8 0
63129.9 0
63138.1 0
63146.2 0
63154.3 0
63162.5 0
63170.6 0
63178.8 0
63186.9 0
63195 0
63203.2 0
63211.3 0
63219.5 0
63227.6 0
63235.8 0
63243.9 0
63252 0
63260.2 0
63268.3 0
63276.5 0
63284.6 0
63292.7 0
63300.9 0
63309 0
63317.2 0
63325.3 0
63333.4 0
63341.6 0
63349.7 0
63357.9 0
63366 0
63374.2 0
63382.3 0
63390.4 0
63398.6 0
63406.7 0
63414.9 0
63423 0
63431.1 0
63439.3 0
63447.4 0
63455.6 0
63463.7 0
63471.9 0
63480 0
63488.1 0
63496.3 0
63504.4 0
63512.6 0
63520.7 0
63528.8 0
63537 0
63545.1 0
63553.3 0
63561.4 0
63569.6 0
63577.7 0
63585.8 0
63594 0
63602.1 0
63610.3 0
63618.4 0
63626.5 0
63634.7 0
63642.8 0
63651 0
63659.1 0
63667.3 0
63675.4 0
63683.5 0
63691.7 0
63699.8 0
63708 0
63716.1 0
63724.2 0
63732.4 0
63740.5 0
63748.7 0
63756.8 0
63765 0
63773.1 0
63781.2 0
63789.4 0
63797.5 0
63805.7 0
63813.8 0
63821.9 0
63830.1 0
63838.2 0
63846.4 0
63854.5 0
63862.7 0
63870.8 0
63878.9 0
63887.1 0
63895.2 0
63903.4 0
63911.5 0
63919.6 0
63927.8 0
63935.9 0
63944.1 0
63952.2 0
63960.4 0
63968.5 0
63976.6 0
63984.8 0
63992.9 0
64001.1 0
64009.2 0
64017.3 0
64025.5 0
64033.6 0
64041.8 0
64049.9 0
64058.1 0
64066.2 0
64074.3 0
64082.5 0
64090.6 0
64098.8 0
64106.9 0
64115 0
64123.2 0
64131.3 0
64139.5 0
64147.6 0
64155.8 0
64163.9 0
64172 0
64180.2 0
64188.3 0
64196.5 0
64204.6 0
64212.7 0
64220.9 0
64229 0
64237.2 0
64245.3 0
64253.4 0
64261.6 0
64269.7 0
64277.9 0
64286 0
64294.2 0
64302.3 0
64310.4 0
64318.6 0
64326.7 0
64334.9 0
64343 0
64351.1 0
64359.3 0
64367.4 0
64375.6 0
64383.7 0
64391.9 0
64400 0
64408.1 0
64416.3 0
64424.4 0
64432.6 0
64440.7 0
64448.8 0
64457 0
64465.1 0
64473.3 0
64481.4 0
64489.6 0
64497.7 0
64505.8 0
64514 0
64522.1 0
64530.3 0
64538.4 0
64546.5 0
64554.7 0
64562.8 0
64571 0
64579.1 0
64587.3 0
64595.4 0
64603.5 0
64611.7 0
64619.8 0
64628 0
64636.1 0
64644.2 0
64652.4 0
64660.5 0
64668.7 0
64676.8 0
64685 0
64693.1 0
64701.2 0
64709.4 0
64717.5 0
64725.7 0
64733.8 0
64741.9 0
64750.1 0
64758.2 0
64766.4 0
64774.5 0
64782.7 0
64790.8 0
64798.9 0
64807.1 0
64815.2 0
64823.4 0
64831.5 0
64839.6 0
64847.8 0
64855.9 0
64864.1 0
64872.2 0
64880.4 0
64888.5 0
64896.6 0
64904.8 0
64912.9 0
64921.1 0
64929.2 0
64937.3 0
64945.5 0
64953.6 0
64961.8 0
64969.9 0
64978.1 0
64986.2 0
64994.3 0
65002.5 0
65010.6 0
65018.8 0
65026.9 0
65035 0
65043.2 0
65051.3 0
65059.5 0
65067.6 0
65075.8 0
65083.9 0
65092 0
65100.2 0
65108.3 0
65116.5 0
65124.6 0
65132.7 0
65140.9 0
65149 0
65157.2 0
65165.3 0
65173.4 0
65181.6 0
65189.7 0
65197.9 0
65206 0
65214.2 0
65222.3 0
65230.4 0
65238.6 0
65246.7 0
65254.9 0
65263 0
65271.1 0
65279.3 0
65287.4 0
65295.6 0
65303.7 0
65311.9 0
65320 0
65328.1 0
65336.3 0
65344.4 0
65352.6 0
65360.7 0
65368.8 0
65377 0
65385.1 0
65393.3 0
65401.4 0
65409.6 0
65417.7 0
65425.8 0
65434 0
65442.1 0
65450.3 0
65458.4 0
65466.5 0
65474.7 0
65482.8 0
65491 0
65499.1 0
65507.3 0
65515.4 0
65523.5 0
65531.7 0
65539.8 0
65548 0
65556.1 0
65564.2 0
65572.4 0
65580.5 0
65588.7 0
65596.8 0
65605 0
65613.1 0
65621.2 0
65629.4 0
65637.5 0
65645.7 0
65653.8 0
65661.9 0
65670.1 0
65678.2 0
65686.4 0
65694.5 0
65702.7 0
65710.8 0
65718.9 0
65727.1 0
65735.2 0
65743.4 0
65751.5 0
65759.6 0
65767.8 0
65775.9 0
65784.1 0
65792.2 0
65800.4 0
65808.5 0
65816.6 0
65824.8 0
65832.9 0
65841.1 0
65849.2 0
65857.3 0
65865.5 0
65873.6 0
65881.8 0
65889.9 0
65898.1 0
65906.2 0
65914.3 0
65922.5 0
65930.6 0
65938.8 0
65946.9 0
65955 0
65963.2 0
65971.3 0
65979.5 0
65987.6 0
65995.8 0
66003.9 0
66012 0
66020.2 0
66028.3 0
66036.5 0
66044.6 0
66052.7 0
66060.9 0
66069 0
66077.2 0
66085.3 0
66093.4 0
66101.6 0
66109.7 0
66117.9 0
66126 0
66134.2 0
66142.3 0
66150.4 0
66158.6 0
66166.7 0
66174.9 0
66183 0
66191.1 0
66199.3 0
66207.4 0
66215.6 0
66223.7 0
66231.9 0
66240 0
66248.1 0
66256.3 0
66264.4 0
66272.6 0
66280.7 0
66288.8 0
66297 0
66305.1 0
66313.3 0
66321.4 0
66329.6 0
66337.7 0
66345.8 0
66354 0
66362.1 0
66370.3 0
66378.4 0
66386.5 0
66394.7 0
66402.8 0
66411 0
66419.1 0
66427.3 0
66435.4 0
66443.5 0
66451.7 0
66459.8 0
66468 0
66476.1 0
66484.2 0
66492.4 0
66500.5 0
66508.7 0
66516.8 0
66525 0
66533.1 0
66541.2 0
66549.4 0
66557.5 0
66565.7 0
66573.8 0
66581.9 0
66590.1 0
66598.2 0
66606.4 0
66614.5 0
66622.7 0
66630.8 0
66638.9 0
66647.1 0
66655.2 0
66663.4 0
66671.5 0
66679.6 0
66687.8 0
66695.9 0
66704.1 0
66712.2 0
66720.4 0
66728.5 0
66736.6 0
66744.8 0
66752.9 0
66761.1 0
66769.2 0
66777.3 0
66785.5 0
66793.6 0
66801.8 0
66809.9 0
66818.1 0
66826.2 0
66834.3 0
66842.5 0
66850.6 0
66858.8 0
66866.9 0
66875 0
66883.2 0
66891.3 0
66899.5 0
66907.6 0
66915.8 0
66923.9 0
66932 0
66940.2 0
66948.3 0
66956.5 0
66964.6 0
66972.7 0
66980.9 0
66989 0
66997.2 0
67005.3 0
67013.4 0
67021.6 0
67029.7 0
67037.9 0
67046 0
67054.2 0
67062.3 0
67070.4 0
67078.6 0
67086.7 0
67094.9 0
67103 0
67111.1 0
67119.3 0
67127.4 0
67135.6 0
67143.7 0
67151.9 0
67160 0
67168.1 0
67176.3 0
67184.4 0
67192.6 0
67200.7 0
67208.8 0
67217 0
67225.1 0
67233.3 0
67241.4 0
67249.6 0
67257.7 0
67265.8 0
67274 0
67282.1 0
67290.3 0
67298.4 0
67306.5 0
67314.7 0
67322.8 0
67331 0
67339.1 0
67347.3 0
67355.4 0
67363.5 0
67371.7 0
67379.8 0
67388 0
67396.1 0
67404.2 0
67412.4 0
67420.5 0
67428.7 0
67436.8 0
67445 0
67453.1 0
67461.2 0
67469.4 0
67477.5 0
67485.7 0
67493.8 0
67501.9 0
67510.1 0
67518.2 0
67526.4 0
67534.5 0
67542.7 0
67550.8 0
67558.9 0
67567.1 0
67575.2 0
67583.4 0
67591.5 0
67599.6 0
67607.8 0
67615.9 0
67624.1 0
67632.2 0
67640.4 0
67648.5 0
67656.6 0
67664.8 0
67672.9 0
67681.1 0
67689.2 0
67697.3 0
67705.5 0
67713.6 0
67721.8 0
67729.9 0
67738.1 0
67746.2 0
67754.3 0
67762.5 0
67770.6 0
67778.8 0
67786.9 0
67795 0
67803.2 0
67811.3 0
67819.5 0
67827.6 0
67835.7 0
67843.9 0
67852 0
67860.2 0
67868.3 0
67876.5 0
67884.6 0
67892.7 0
67900.9 0
67909 0
67917.2 0
67925.3 0
67933.4 0
67941.6 0
67949.7 0
67957.9 0
67966 0
67974.2 0
67982.3 0
67990.4 0
67998.6 0
68006.7 0
68014.9 0
68023 0
68031.1 0
68039.3 0
68047.4 0
68055.6 0
68063.7 0
68071.9 0
68080 0
68088.1 0
68096.3 0
68104.4 0
68112.6 0
68120.7 0
68128.8 0
68137 0
68145.1 0
68153.3 0
68161.4 0
68169.6 0
68177.7 0
68185.8 0
68194 0
68202.1 0
68210.3 0
68218.4 0
68226.5 0
68234.7 0
68242.8 0
68251 0
68259.1 0
68267.3 0
68275.4 0
68283.5 0
68291.7 0
68299.8 0
68308 0
68316.1 0
68324.2 0
68332.4 0
68340.5 0
68348.7 0
68356.8 0
68365 0
68373.1 0
68381.2 0
68389.4 0
68397.5 0
68405.7 0
68413.8 0
68421.9 0
68430.1 0
68438.2 0
68446.4 0
68454.5 0
68462.7 0
68470.8 0
68478.9 0
68487.1 0
68495.2 0
68503.4 0
68511.5 0
68519.6 0
68527.8 0
68535.9 0
68544.1 0
68552.2 0
68560.4 0
68568.5 0
68576.6 0
68584.8 0
68592.9 0
68601.1 0
68609.2 0
68617.3 0
68625.5 0
68633.6 0
68641.8 0
68649.9 0
68658.1 0
68666.2 0
68674.3 0
68682.5 0
68690.6 0
68698.8 0
68706.9 0
68715 0
68723.2 0
68731.3 0
68739.5 0
68747.6 0
68755.7 0
68763.9 0
68772 0
68780.2 0
68788.3 0
68796.5 0
68804.6 0
68812.7 0
68820.9 0
68829 0
68837.2 0
68845.3 0
68853.4 0
68861.6 0
68869.7 0
68877.9 0
68886 0
68894.2 0
68902.3 0
68910.4 0
68918.6 0
68926.7 0
68934.9 0
68943 0
68951.1 0
68959.3 0
68967.4 0
68975.6 0
68983.7 0
68991.9 0
69000 0
69008.1 0
69016.3 0
69024.4 0
69032.6 0
69040.7 0
69048.8 0
69057 0
69065.1 0
69073.3 0
69081.4 0
69089.6 0
69097.7 0
69105.8 0
69114 0
69122.1 0
69130.3 0
69138.4 0
69146.5 0
69154.7 0
69162.8 0
69171 0
69179.1 0
69187.3 0
69195.4 0
69203.5 0
69211.7 0
69219.8 0
69228 0
69236.1 0
69244.2 0
69252.4 0
69260.5 0
69268.7 0
69276.8 0
69285 0
69293.1 0
69301.2 0
69309.4 0
69317.5 0
69325.7 0
69333.8 0
69341.9 0
69350.1 0
69358.2 0
69366.4 0
69374.5 0
69382.7 0
69390.8 0
69398.9 0
69407.1 0
69415.2 0
69423.4 0
69431.5 0
69439.6 0
69447.8 0
69455.9 0
69464.1 0
69472.2 0
69480.4 0
69488.5 0
69496.6 0
69504.8 0
69512.9 0
69521.1 0
69529.2 0
69537.3 0
69545.5 0
69553.6 0
69561.8 0
69569.9 0
69578.1 0
69586.2 0
69594.3 0
69602.5 0
69610.6 0
69618.8 0
69626.9 0
69635 0
69643.2 0
69651.3 0
69659.5 0
69667.6 0
69675.7 0
69683.9 0
69692 0
69700.2 0
69708.3 0
69716.5 0
69724.6 0
69732.7 0
69740.9 0
69749 0
69757.2 0
69765.3 0
69773.4 0
69781.6 0
69789.7 0
69797.9 0
69806 0
69814.2 0
69822.3 0
69830.4 0
69838.6 0
69846.7 0
69854.9 0
69863 0
69871.1 0
69879.3 0
69887.4 0
69895.6 0
69903.7 0
69911.9 0
69920 0
69928.1 0
69936.3 0
69944.4 0
69952.6 0
69960.7 0
69968.8 0
69977 0
69985.1 0
69993.3 0
70001.4 0
70009.6 0
70017.7 0
70025.8 0
70034 0
70042.1 0
70050.3 0
70058.4 0
70066.5 0
70074.7 0
70082.8 0
70091 0
70099.1 0
70107.3 0
70115.4 0
70123.5 0
70131.7 0
70139.8 0
70148 0
70156.1 0
70164.2 0
70172.4 0
70180.5 0
70188.7 0
70196.8 0
70205 0
70213.1 0
70221.2 0
70229.4 0
70237.5 0
70245.7 0
70253.8 0
70261.9 0
70270.1 0
70278.2 0
70286.4 0
70294.5 0
70302.7 0
70310.8 0
70318.9 0
70327.1 0
70335.2 0
70343.4 0
70351.5 0
70359.6 0
70367.8 0
70375.9 0
70384.1 0
70392.2 0
70400.4 0
70408.5 0
70416.6 0
70424.8 0
70432.9 0
70441.1 0
70449.2 0
70457.3 0
70465.5 0
70473.6 0
70481.8 0
70489.9 0
70498.1 0
70506.2 0
70514.3 0
70522.5 0
70530.6 0
70538.8 0
70546.9 0
70555 0
70563.2 0
70571.3 0
70579.5 0
70587.6 0
70595.7 0
70603.9 0
70612 0
70620.2 0
70628.3 0
70636.5 0
70644.6 0
70652.7 0
70660.9 0
70669 0
70677.2 0
70685.3 0
70693.4 0
70701.6 0
70709.7 0
70717.9 0
70726 0
70734.2 0
70742.3 0
70750.4 0
70758.6 0
70766.7 0
70774.9 0
70783 0
70791.1 0
70799.3 0
70807.4 0
70815.6 0
70823.7 0
70831.9 0
70840 0
70848.1 0
70856.3 0
70864.4 0
70872.6 0
70880.7 0
70888.8 0
70897 0
70905.1 0
70913.3 0
70921.4 0
70929.6 0
70937.7 0
70945.8 0
70954 0
70962.1 0
70970.3 0
70978.4 0
70986.5 0
70994.7 0
71002.8 0
71011 0
71019.1 0
71027.3 0
71035.4 0
71043.5 0
71051.7 0
71059.8 0
71068 0
71076.1 0
71084.2 0
71092.4 0
71100.5 0
71108.7 0
71116.8 0
71125 0
71133.1 0
71141.2 0
71149.4 0
71157.5 0
71165.7 0
71173.8 0
71181.9 0
71190.1 0
71198.2 0
71206.4 0
71214.5 0
71222.7 0
71230.8 0
71238.9 0
71247.1 0
71255.2 0
71263.4 0
71271.5 0
71279.6 0
71287.8 0
71295.9 0
71304.1 0
71312.2 0
71320.4 0
71328.5 0
71336.6 0
71344.8 0
71352.9 0
71361.1 0
71369.2 0
71377.3 0
71385.5 0
71393.6 0
71401.8 0
71409.9 0
71418.1 0
71426.2 0
71434.3 0
71442.5 0
71450.6 0
71458.8 0
71466.9 0
71475 0
71483.2 0
71491.3 0
71499.5 0
71507.6 0
71515.7 0
71523.9 0
71532 0
71540.2 0
71548.3 0
71556.5 0
71564.6 0
71572.7 0
71580.9 0
71589 0
71597.2 0
71605.3 0
71613.4 0
71621.6 0
71629.7 0
71637.9 0
71646 0
71654.2 0
71662.3 0
71670.4 0
71678.6 0
71686.7 0
71694.9 0
71703 0
71711.1 0
71719.3 0
71727.4 0
71735.6 0
71743.7 0
71751.9 0
71760 0
71768.1 0
71776.3 0
71784.4 0
71792.6 0
71800.7 0
71808.8 0
71817 0
71825.1 0
71833.3 0
71841.4 0
71849.6 0
71857.7 0
71865.8 0
71874 0
71882.1 0
71890.3 0
71898.4 0
71906.5 0
71914.7 0
71922.8 0
71931 0
71939.1 0
71947.3 0
71955.4 0
71963.5 0
71971.7 0
71979.8 0
71988 0
71996.1 0
72004.2 0
72012.4 0
72020.5 0
72028.7 0
72036.8 0
72045 0
72053.1 0
72061.2 0
72069.4 0
72077.5 0
72085.7 0
72093.8 0
72101.9 0
72110.1 0
72118.2 0
72126.4 0
72134.5 0
72142.7 0
72150.8 0
72158.9 0
72167.1 0
72175.2 0
72183.4 0
72191.5 0
72199.6 0
72207.8 0
72215.9 0
72224.1 0
72232.2 0
72240.4 0
72248.5 0
72256.6 0
72264.8 0
72272.9 0
72281.1 0
72289.2 0
72297.3 0
72305.5 0
72313.6 0
72321.8 0
72329.9 0
72338.1 0
72346.2 0
72354.3 0
72362.5 0
72370.6 0
72378.8 0
72386.9 0
72395 0
72403.2 0
72411.3 0
72419.5 0
72427.6 0
72435.7 0
72443.9 0
72452 0
72460.2 0
72468.3 0
72476.5 0
72484.6 0
72492.7 0
72500.9 0
72509 0
72517.2 0
72525.3 0
72533.4 0
72541.6 0
72549.7 0
72557.9 0
72566 0
72574.2 0
72582.3 0
72590.4 0
72598.6 0
72606.7 0
72614.9 0
72623 0
72631.1 0
72639.3 0
72647.4 0
72655.6 0
72663.7 0
72671.9 0
72680 0
72688.1 0
72696.3 0
72704.4 0
72712.6 0
72720.7 0
72728.8 0
72737 0
72745.1 0
72753.3 0
72761.4 0
72769.6 0
72777.7 0
72785.8 0
72794 0
72802.1 0
72810.3 0
72818.4 0
72826.5 0
72834.7 0
72842.8 0
72851 0
72859.1 0
72867.3 0
72875.4 0
72883.5 0
72891.7 0
72899.8 0
72908 0
72916.1 0
72924.2 0
72932.4 0
72940.5 0
72948.7 0
72956.8 0
72965 0
72973.1 0
72981.2 0
72989.4 0
72997.5 0
73005.7 0
73013.8 0
73021.9 0
73030.1 0
73038.2 0
73046.4 0
73054.5 0
73062.7 0
73070.8 0
73078.9 0
73087.1 0
73095.2 0
73103.4 0
73111.5 0
73119.6 0
73127.8 0
73135.9 0
73144.1 0
73152.2 0
73160.4 0
73168.5 0
73176.6 0
73184.8 0
73192.9 0
73201.1 0
73209.2 0
73217.3 0
73225.5 0
73233.6 0
73241.8 0
73249.9 0
73258.1 0
73266.2 0
73274.3 0
73282.5 0
73290.6 0
73298.8 0
73306.9 0
73315 0
73323.2 0
73331.3 0
73339.5 0
73347.6 0
73355.7 0
73363.9 0
73372 0
73380.2 0
73388.3 0
73396.5 0
73404.6 0
73412.7 0
73420.9 0
73429 0
73437.2 0
73445.3 0
73453.4 0
73461.6 0
73469.7 0
73477.9 0
73486 0
73494.2 0
73502.3 0
73510.4 0
73518.6 0
73526.7 0
73534.9 0
73543 0
73551.1 0
73559.3 0
73567.4 0
73575.6 0
73583.7 0
73591.9 0
73600 0
73608.1 0
73616.3 0
73624.4 0
73632.6 0
73640.7 0
73648.8 0
73657 0
73665.1 0
73673.3 0
73681.4 0
73689.6 0
73697.7 0
73705.8 0
73714 0
73722.1 0
73730.3 0
73738.4 0
73746.5 0
73754.7 0
73762.8 0
73771 0
73779.1 0
73787.3 0
73795.4 0
73803.5 0
73811.7 0
73819.8 0
73828 0
73836.1 0
73844.2 0
73852.4 0
73860.5 0
73868.7 0
73876.8 0
73885 0
73893.1 0
73901.2 0
73909.4 0
73917.5 0
73925.7 0
73933.8 0
73941.9 0
73950.1 0
73958.2 0
73966.4 0
73974.5 0
73982.7 0
73990.8 0
73998.9 0
74007.1 0
74015.2 0
74023.4 0
74031.5 0
74039.6 0
74047.8 0
74055.9 0
74064.1 0
74072.2 0
74080.4 0
74088.5 0
74096.6 0
74104.8 0
74112.9 0
74121.1 0
74129.2 0
74137.3 0
74145.5 0
74153.6 0
74161.8 0
74169.9 0
74178.1 0
74186.2 0
74194.3 0
74202.5 0
74210.6 0
74218.8 0
74226.9 0
74235 0
74243.2 0
74251.3 0
74259.5 0
74267.6 0
74275.7 0
74283.9 0
74292 0
74300.2 0
74308.3 0
74316.5 0
74324.6 0
74332.7 0
74340.9 0
74349 0
74357.2 0
74365.3 0
74373.4 0
74381.6 0
74389.7 0
74397.9 0
74406 0
74414.2 0
74422.3 0
74430.4 0
74438.6 0
74446.7 0
74454.9 0
74463 0
74471.1 0
74479.3 0
74487.4 0
74495.6 0
74503.7 0
74511.9 0
74520 0
74528.1 0
74536.3 0
74544.4 0
74552.6 0
74560.7 0
74568.8 0
74577 0
74585.1 0
74593.3 0
74601.4 0
74609.6 0
74617.7 0
74625.8 0
74634 0
74642.1 0
74650.3 0
74658.4 0
74666.5 0
74674.7 0
74682.8 0
74691 0
74699.1 0
74707.3 0
74715.4 0
74723.5 0
74731.7 0
74739.8 0
74748 0
74756.1 0
74764.2 0
74772.4 0
74780.5 0
74788.7 0
74796.8 0
74805 0
74813.1 0
74821.2 0
74829.4 0
74837.5 0
74845.7 0
74853.8 0
74861.9 0
74870.1 0
74878.2 0
74886.4 0
74894.5 0
74902.7 0
74910.8 0
74918.9 0
74927.1 0
74935.2 0
74943.4 0
74951.5 0
74959.6 0
74967.8 0
74975.9 0
74984.1 0
74992.2 0
75000.4 0
75008.5 0
75016.6 0
75024.8 0
75032.9 0
75041.1 0
75049.2 0
75057.3 0
75065.5 0
75073.6 0
75081.8 0
75089.9 0
75098.1 0
75106.2 0
75114.3 0
75122.5 0
75130.6 0
75138.8 0
75146.9 0
75155 0
75163.2 0
75171.3 0
75179.5 0
75187.6 0
75195.7 0
75203.9 0
75212 0
75220.2 0
75228.3 0
75236.5 0
75244.6 0
75252.7 0
75260.9 0
75269 0
75277.2 0
75285.3 0
75293.4 0
75301.6 0
75309.7 0
75317.9 0
75326 0
75334.2 0
75342.3 0
75350.4 0
75358.6 0
75366.7 0
75374.9 0
75383 0
75391.1 0
75399.3 0
75407.4 0
75415.6 0
75423.7 0
75431.9 0
75440 0
75448.1 0
75456.3 0
75464.4 0
75472.6 0
75480.7 0
75488.8 0
75497 0
75505.1 0
75513.3 0
75521.4 0
75529.6 0
75537.7 0
75545.8 0
75554 0
75562.1 0
75570.3 0
75578.4 0
75586.5 0
75594.7 0
75602.8 0
75611 0
75619.1 0
75627.3 0
75635.4 0
75643.5 0
75651.7 0
75659.8 0
75668 0
75676.1 0
75684.2 0
75692.4 0
75700.5 0
75708.7 0
75716.8 0
75725 0
75733.1 0
75741.2 0
75749.4 0
75757.5 0
75765.7 0
75773.8 0
75781.9 0
75790.1 0
75798.2 0
75806.4 0
75814.5 0
75822.7 0
75830.8 0
75838.9 0
75847.1 0
75855.2 0
75863.4 0
75871.5 0
75879.6 0
75887.8 0
75895.9 0
75904.1 0
75912.2 0
75920.4 0
75928.5 0
75936.6 0
75944.8 0
75952.9 0
75961.1 0
75969.2 0
75977.3 0
75985.5 0
75993.6 0
76001.8 0
76009.9 0
76018.1 0
76026.2 0
76034.3 0
76042.5 0
76050.6 0
76058.8 0
76066.9 0
76075 0
76083.2 0
76091.3 0
76099.5 0
76107.6 0
76115.7 0
76123.9 0
76132 0
76140.2 0
76148.3 0
76156.5 0
76164.6 0
76172.7 0
76180.9 0
76189 0
76197.2 0
76205.3 0
76213.4 0
76221.6 0
76229.7 0
76237.9 0
76246 0
76254.2 0
76262.3 0
76270.4 0
76278.6 0
76286.7 0
76294.9 0
76303 0
76311.1 0
76319.3 0
76327.4 0
76335.6 0
76343.7 0
76351.9 0
76360 0
76368.1 0
76376.3 0
76384.4 0
76392.6 0
76400.7 0
76408.8 0
76417 0
76425.1 0
76433.3 0
76441.4 0
76449.6 0
76457.7 0
76465.8 0
76474 0
76482.1 0
76490.3 0
76498.4 0
76506.5 0
76514.7 0
76522.8 0
76531 0
76539.1 0
76547.3 0
76555.4 0
76563.5 0
76571.7 0
76579.8 0
76588 0
76596.1 0
76604.2 0
76612.4 0
76620.5 0
76628.7 0
76636.8 0
76645 0
76653.1 0
76661.2 0
76669.4 0
76677.5 0
76685.7 0
76693.8 0
76701.9 0
76710.1 0
76718.2 0
76726.4 0
76734.5 0
76742.7 0
76750.8 0
76758.9 0
76767.1 0
76775.2 0
76783.4 0
76791.5 0
76799.6 0
76807.8 0
76815.9 0
76824.1 0
76832.2 0
76840.4 0
76848.5 0
76856.6 0
76864.8 0
76872.9 0
76881.1 0
76889.2 0
76897.3 0
76905.5 0
76913.6 0
76921.8 0
76929.9 0
76938.1 0
76946.2 0
76954.3 0
76962.5 0
76970.6 0
76978.8 0
76986.9 0
76995 0
77003.2 0
77011.3 0
77019.5 0
77027.6 0
77035.7 0
77043.9 0
77052 0
77060.2 0
77068.3 0
77076.5 0
77084.6 0
77092.7 0
77100.9 0
77109 0
77117.2 0
77125.3 0
77133.4 0
77141.6 0
77149.7 0
77157.9 0
77166 0
77174.2 0
77182.3 0
77190.4 0
77198.6 0
77206.7 0
77214.9 0
77223 0
77231.1 0
77239.3 0
77247.4 0
77255.6 0
77263.7 0
77271.9 0
77280 0
77288.1 0
77296.3 0
77304.4 0
77312.6 0
77320.7 0
77328.8 0
77337 0
77345.1 0
77353.3 0
77361.4 0
77369.6 0
77377.7 0
77385.8 0
77394 0
77402.1 0
77410.3 0
77418.4 0
77426.5 0
77434.7 0
77442.8 0
77451 0
77459.1 0
77467.3 0
77475.4 0
77483.5 0
77491.7 0
77499.8 0
77508 0
77516.1 0
77524.2 0
77532.4 0
77540.5 0
77548.7 0
77556.8 0
77565 0
77573.1 0
77581.2 0
77589.4 0
77597.5 0
77605.7 0
77613.8 0
77621.9 0
77630.1 0
77638.2 0
77646.4 0
77654.5 0
77662.7 0
77670.8 0
77678.9 0
77687.1 0
77695.2 0
77703.4 0
77711.5 0
77719.6 0
77727.8 0
77735.9 0
77744.1 0
77752.2 0
77760.4 0
77768.5 0
77776.6 0
77784.8 0
77792.9 0
77801.1 0
77809.2 0
77817.3 0
77825.5 0
77833.6 0
77841.8 0
77849.9 0
77858.1 0
77866.2 0
77874.3 0
77882.5 0
77890.6 0
77898.8 0
77906.9 0
77915 0
77923.2 0
77931.3 0
77939.5 0
77947.6 0
77955.7 0
77963.9 0
77972 0
77980.2 0
77988.3 0
77996.5 0
78004.6 0
78012.7 0
78020.9 0
78029 0
78037.2 0
78045.3 0
78053.4 0
78061.6 0
78069.7 0
78077.9 0
78086 0
78094.2 0
78102.3 0
78110.4 0
78118.6 0
78126.7 0
78134.9 0
78143 0
78151.1 0
78159.3 0
78167.4 0
78175.6 0
78183.7 0
78191.9 0
78200 0
78208.1 0
78216.3 0
78224.4 0
78232.6 0
78240.7 0
78248.8 0
78257 0
78265.1 0
78273.3 0
78281.4 0
78289.6 0
78297.7 0
78305.8 0
78314 0
78322.1 0
78330.3 0
78338.4 0
78346.5 0
78354.7 0
78362.8 0
78371 0
78379.1 0
78387.3 0
78395.4 0
78403.5 0
78411.7 0
78419.8 0
78428 0
78436.1 0
78444.2 0
78452.4 0
78460.5 0
78468.7 0
78476.8 0
78485 0
78493.1 0
78501.2 0
78509.4 0
78517.5 0
78525.7 0
78533.8 0
78541.9 0
78550.1 0
78558.2 0
78566.4 0
78574.5 0
78582.7 0
78590.8 0
78598.9 0
78607.1 0
78615.2 0
78623.4 0
78631.5 0
78639.6 0
78647.8 0
78655.9 0
78664.1 0
78672.2 0
78680.4 0
78688.5 0
78696.6 0
78704.8 0
78712.9 0
78721.1 0
78729.2 0
78737.3 0
78745.5 0
78753.6 0
78761.8 0
78769.9 0
78778.1 0
78786.2 0
78794.3 0
78802.5 0
78810.6 0
78818.8 0
78826.9 0
78835 0
78843.2 0
78851.3 0
78859.5 0
78867.6 0
78875.7 0
78883.9 0
78892 0
78900.2 0
78908.3 0
78916.5 0
78924.6 0
78932.7 0
78940.9 0
78949 0
78957.2 0
78965.3 0
78973.4 0
78981.6 0
78989.7 0
78997.9 0
79006 0
79014.2 0
79022.3 0
79030.4 0
79038.6 0
79046.7 0
79054.9 0
79063 0
79071.1 0
79079.3 0
79087.4 0
79095.6 0
79103.7 0
79111.9 0
79120 0
79128.1 0
79136.3 0
79144.4 0
79152.6 0
79160.7 0
79168.8 0
79177 0
79185.1 0
79193.3 0
79201.4 0
79209.6 0
79217.7 0
79225.8 0
79234 0
79242.1 0
79250.3 0
79258.4 0
79266.5 0
79274.7 0
79282.8 0
79291 0
79299.1 0
79307.3 0
79315.4 0
79323.5 0
79331.7 0
79339.8 0
79348 0
79356.1 0
79364.2 0
79372.4 0
79380.5 0
79388.7 0
79396.8 0
79405 0
79413.1 0
79421.2 0
79429.4 0
79437.5 0
79445.7 0
79453.8 0
79461.9 0
79470.1 0
79478.2 0
79486.4 0
79494.5 0
79502.7 0
79510.8 0
79518.9 0
79527.1 0
79535.2 0
79543.4 0
79551.5 0
79559.6 0
79567.8 0
79575.9 0
79584.1 0
79592.2 0
79600.4 0
79608.5 0
79616.6 0
79624.8 0
79632.9 0
79641.1 0
79649.2 0
79657.3 0
79665.5 0
79673.6 0
79681.8 0
79689.9 0
79698.1 0
79706.2 0
79714.3 0
79722.5 0
79730.6 0
79738.8 0
79746.9 0
79755 0
79763.2 0
79771.3 0
79779.5 0
79787.6 0
79795.7 0
79803.9 0
79812 0
79820.2 0
79828.3 0
79836.5 0
79844.6 0
79852.7 0
79860.9 0
79869 0
79877.2 0
79885.3 0
79893.4 0
79901.6 0
79909.7 0
79917.9 0
79926 0
79934.2 0
79942.3 0
79950.4 0
79958.6 0
79966.7 0
79974.9 0
79983 0
79991.1 0
79999.3 0
80007.4 0
80015.6 0
80023.7 0
80031.9 0
80040 0
80048.1 0
80056.3 0
80064.4 0
80072.6 0
80080.7 0
80088.8 0
80097 0
80105.1 0
80113.3 0
80121.4 0
80129.6 0
80137.7 0
80145.8 0
80154 0
80162.1 0
80170.3 0
80178.4 0
80186.5 0
80194.7 0
80202.8 0
80211 0
80219.1 0
80227.3 0
80235.4 0
80243.5 0
80251.7 0
80259.8 0
80268 0
80276.1 0
80284.2 0
80292.4 0
80300.5 0
80308.7 0
80316.8 0
80325 0
80333.1 0
80341.2 0
80349.4 0
80357.5 0
80365.7 0
80373.8 0
80381.9 0
80390.1 0
80398.2 0
80406.4 0
80414.5 0
80422.7 0
80430.8 0
80438.9 0
80447.1 0
80455.2 0
80463.4 0
80471.5 0
80479.6 0
80487.8 0
80495.9 0
80504.1 0
80512.2 0
80520.4 0
80528.5 0
80536.6 0
80544.8 0
80552.9 0
80561.1 0
80569.2 0
80577.3 0
80585.5 0
80593.6 0
80601.8 0
80609.9 0
80618.1 0
80626.2 0
80634.3 0
80642.5 0
80650.6 0
80658.8 0
80666.9 0
80675 0
80683.2 0
80691.3 0
80699.5 0
80707.6 0
80715.7 0
80723.9 0
80732 0
80740.2 0
80748.3 0
80756.5 0
80764.6 0
80772.7 0
80780.9 0
80789 0
80797.2 0
80805.3 0
80813.4 0
80821.6 0
80829.7 0
80837.9 0
80846 0
80854.2 0
80862.3 0
80870.4 0
80878.6 0
80886.7 0
80894.9 0
80903 0
80911.1 0
80919.3 0
80927.4 0
80935.6 0
80943.7 0
80951.9 0
80960 0
80968.1 0
80976.3 0
80984.4 0
80992.6 0
81000.7 0
81008.8 0
81017 0
81025.1 0
81033.3 0
81041.4 0
81049.6 0
81057.7 0
81065.8 0
81074 0
81082.1 0
81090.3 0
81098.4 0
81106.5 0
81114.7 0
81122.8 0
81131 0
81139.1 0
81147.3 0
81155.4 0
81163.5 0
81171.7 0
81179.8 0
81188 0
81196.1 0
81204.2 0
81212.4 0
81220.5 0
81228.7 0
81236.8 0
81245 0
81253.1 0
81261.2 0
81269.4 0
81277.5 0
81285.7 0
81293.8 0
81301.9 0
81310.1 0
81318.2 0
81326.4 0
81334.5 0
81342.7 0
81350.8 0
81358.9 0
81367.1 0
81375.2 0
81383.4 0
81391.5 0
81399.6 0
81407.8 0
