-3.14159 0.166965
-3.07876 0.158731
-3.01593 0.159646
-2.9531 0.151412
-2.89027 0.163763
-2.82743 0.158426
-2.7646 0.16483
-2.70177 0.159341
-2.63894 0.153089
-2.57611 0.158274
-2.51327 0.164983
-2.45044 0.170472
-2.38761 0.155681
-2.32478 0.157969
-2.26195 0.154309
-2.19911 0.159188
-2.13628 0.170015
-2.07345 0.16605
-2.01062 0.164983
-1.94779 0.16666
-1.88496 0.155224
-1.82212 0.147448
-1.75929 0.161781
-1.69646 0.162848
-1.63363 0.15065
-1.5708 0.159341
-1.50796 0.161781
-1.44513 0.154309
-1.3823 0.162086
-1.31947 0.15004
-1.25664 0.163305
-1.19381 0.175351
-1.13097 0.15004
-1.06814 0.154309
-1.00531 0.171539
-0.942478 0.154919
-0.879646 0.164983
-0.816814 0.180993
-0.753982 0.16544
-0.69115 0.156749
-0.628319 0.165135
-0.565487 0.1691
-0.502655 0.162391
-0.439823 0.178706
-0.376991 0.162238
-0.314159 0.160256
-0.251327 0.177486
-0.188496 0.152174
-0.125664 0.149582
-0.0628319 0.151869
4.44089e-16 0.155072
0.0628319 0.164983
0.125664 0.157969
0.188496 0.144703
0.251327 0.152327
0.314159 0.155377
0.376991 0.159036
0.439823 0.144703
0.502655 0.151412
0.565487 0.152479
0.628319 0.155834
0.69115 0.161171
0.753982 0.16605
0.816814 0.148362
0.879646 0.160561
0.942478 0.153394
1.00531 0.141196
1.06814 0.173369
1.13097 0.157511
1.19381 0.14455
1.25664 0.141958
1.31947 0.148057
1.3823 0.168947
1.44513 0.168947
1.50796 0.155681
1.5708 0.152327
1.63363 0.154767
1.69646 0.157969
1.75929 0.160408
1.82212 0.161476
1.88496 0.161628
1.94779 0.160713
2.01062 0.163153
2.07345 0.161171
2.13628 0.157054
2.19911 0.157359
2.26195 0.152327
2.32478 0.159188
2.38761 0.160256
2.45044 0.15126
2.51327 0.159493
2.57611 0.167422
2.63894 0.172454
2.70177 0.165898
2.7646 0.161781
2.82743 0.160866
2.89027 0.163915
2.9531 0.156749
3.01593 0.153242
3.07876 0.142111
