-3.14159 0.0887651
-3.07876 0.0843421
-3.01593 0.0889176
-2.9531 0.0884601
-2.89027 0.0918155
-2.82743 0.0915104
-2.7646 0.0936457
-2.70177 0.103407
-2.63894 0.0936457
-2.57611 0.0986787
-2.51327 0.101882
-2.45044 0.105847
-2.38761 0.102949
-2.32478 0.109813
-2.26195 0.116523
-2.19911 0.115913
-2.13628 0.122319
-2.07345 0.119269
-2.01062 0.120336
-1.94779 0.134673
-1.88496 0.126284
-1.82212 0.138638
-1.75929 0.144739
-1.69646 0.15633
-1.63363 0.145349
-1.5708 0.15145
-1.50796 0.161516
-1.44513 0.165634
-1.3823 0.164719
-1.31947 0.167922
-1.25664 0.182411
-1.19381 0.175548
-1.13097 0.19507
-1.06814 0.183021
-1.00531 0.203611
-0.942478 0.194002
-0.879646 0.209406
-0.816814 0.208186
-0.753982 0.207729
-0.69115 0.233657
-0.628319 0.223743
-0.565487 0.218405
-0.502655 0.234114
-0.439823 0.229234
-0.376991 0.228624
-0.314159 0.233657
-0.251327 0.235029
-0.188496 0.235029
-0.125664 0.227861
-0.0628319 0.228013
4.44089e-16 0.224811
0.0628319 0.238995
0.125664 0.224658
0.188496 0.243265
0.251327 0.234724
0.314159 0.228929
0.376991 0.227556
0.439823 0.227861
0.502655 0.223133
0.565487 0.220388
0.628319 0.213829
0.69115 0.216117
0.753982 0.218252
0.816814 0.210169
0.879646 0.201018
0.942478 0.190342
1.00531 0.19934
1.06814 0.194765
1.13097 0.186529
1.19381 0.17692
1.25664 0.163651
1.31947 0.180276
1.3823 0.164414
1.44513 0.166549
1.50796 0.165481
1.5708 0.161516
1.63363 0.150382
1.69646 0.152212
1.75929 0.138181
1.82212 0.144129
1.88496 0.131775
1.94779 0.128572
2.01062 0.124912
2.07345 0.12903
2.13628 0.119116
2.19911 0.113473
2.26195 0.119421
2.32478 0.108592
2.38761 0.111643
2.45044 0.107372
2.51327 0.105237
2.57611 0.106
2.63894 0.0973061
2.70177 0.0927306
2.7646 0.0924255
2.82743 0.0934932
2.89027 0.0995939
2.9531 0.0876975
3.01593 0.0884601
3.07876 0.0886126
