-3.14159 0.159393
-3.07876 0.151338
-3.01593 0.156586
-2.9531 0.155121
-2.89027 0.156708
-2.82743 0.157196
-2.7646 0.163665
-2.70177 0.154511
-2.63894 0.161102
-2.57611 0.163054
-2.51327 0.158661
-2.45044 0.152314
-2.38761 0.156586
-2.32478 0.158417
-2.26195 0.153413
-2.19911 0.152192
-2.13628 0.149263
-2.07345 0.148775
-2.01062 0.164763
-1.94779 0.164641
-1.88496 0.15805
-1.82212 0.161102
-1.75929 0.15085
-1.69646 0.156708
-1.63363 0.161468
-1.5708 0.165251
-1.50796 0.158661
-1.44513 0.156342
-1.3823 0.156464
-1.31947 0.160247
-1.25664 0.166106
-1.19381 0.164153
-1.13097 0.157562
-1.06814 0.155609
-1.00531 0.157806
-0.942478 0.158783
-0.879646 0.159271
-0.816814 0.154755
-0.753982 0.155243
-0.69115 0.16818
-0.628319 0.166594
-0.565487 0.147921
-0.502655 0.156342
-0.439823 0.155976
-0.376991 0.160003
-0.314159 0.170377
-0.251327 0.167204
-0.188496 0.164397
-0.125664 0.160613
-0.0628319 0.153901
4.44089e-16 0.157684
0.0628319 0.149263
0.125664 0.152558
0.188496 0.150972
0.251327 0.157928
0.314159 0.159515
0.376991 0.157074
0.439823 0.156464
0.502655 0.160369
0.565487 0.150117
0.628319 0.155365
0.69115 0.165617
0.753982 0.166716
0.816814 0.154389
0.879646 0.153291
0.942478 0.16159
1.00531 0.159271
1.06814 0.159759
1.13097 0.15805
1.19381 0.170133
1.25664 0.160125
1.31947 0.155976
1.3823 0.15683
1.44513 0.15805
1.50796 0.162566
1.5708 0.175991
1.63363 0.161956
1.69646 0.164641
1.75929 0.166838
1.82212 0.160247
1.88496 0.168791
1.94779 0.161956
2.01062 0.158172
2.07345 0.159881
2.13628 0.160613
2.19911 0.172086
2.26195 0.153779
2.32478 0.1467
2.38761 0.155732
2.45044 0.179164
2.51327 0.169157
2.57611 0.165617
2.63894 0.16159
2.70177 0.158417
2.7646 0.157806
2.82743 0.155487
2.89027 0.151582
2.9531 0.156098
3.01593 0.158539
3.07876 0.161346
