-3.14159 0.134437
-3.07876 0.135536
-3.01593 0.126867
-2.9531 0.133705
-2.89027 0.124669
-2.82743 0.142985
-2.7646 0.135048
-2.70177 0.132606
-2.63894 0.133216
-2.57611 0.129187
-2.51327 0.140054
-2.45044 0.13981
-2.38761 0.146281
-2.32478 0.136879
-2.26195 0.136391
-2.19911 0.13749
-2.13628 0.140054
-2.07345 0.144938
-2.01062 0.145183
-1.94779 0.141886
-1.88496 0.148846
-1.82212 0.145305
-1.75929 0.14738
-1.69646 0.15666
-1.63363 0.162888
-1.5708 0.164963
-1.50796 0.167039
-1.44513 0.165818
-1.3823 0.170947
-1.31947 0.168993
-1.25664 0.17461
-1.19381 0.172168
-1.13097 0.181692
-1.06814 0.173633
-1.00531 0.17925
-0.942478 0.18389
-0.879646 0.180227
-0.816814 0.189507
-0.753982 0.185599
-0.69115 0.182302
-0.628319 0.190728
-0.565487 0.178883
-0.502655 0.168382
-0.439823 0.186698
-0.376991 0.184256
-0.314159 0.18218
-0.251327 0.189018
-0.188496 0.18218
-0.125664 0.188285
-0.0628319 0.187675
4.44089e-16 0.180959
0.0628319 0.194024
0.125664 0.195123
0.188496 0.187187
0.251327 0.177662
0.314159 0.187797
0.376991 0.194879
0.439823 0.185111
0.502655 0.185599
0.565487 0.176075
0.628319 0.178639
0.69115 0.179982
0.753982 0.177174
0.816814 0.180715
0.879646 0.178639
0.942478 0.178883
1.00531 0.180715
1.06814 0.169115
1.13097 0.165574
1.19381 0.162399
1.25664 0.16997
1.31947 0.165696
1.3823 0.159957
1.44513 0.163376
1.50796 0.166429
1.5708 0.15898
1.63363 0.143717
1.69646 0.159225
1.75929 0.149945
1.82212 0.144816
1.88496 0.158858
1.94779 0.159469
2.01062 0.145793
2.07345 0.146159
2.13628 0.142863
2.19911 0.137368
2.26195 0.138955
2.32478 0.138589
2.38761 0.130042
2.45044 0.133827
2.51327 0.129309
2.57611 0.135292
2.63894 0.131507
2.70177 0.130774
2.7646 0.132484
2.82743 0.124303
2.89027 0.131385
2.9531 0.128454
3.01593 0.131385
3.07876 0.133094
