-3.14159 0.110305
-3.07876 0.113115
-3.01593 0.115925
-2.9531 0.11055
-2.89027 0.108107
-2.82743 0.112138
-2.7646 0.119956
-2.70177 0.123865
-2.63894 0.124842
-2.57611 0.126308
-2.51327 0.119467
-2.45044 0.129239
-2.38761 0.129728
-2.32478 0.131194
-2.26195 0.129361
-2.19911 0.141821
-2.13628 0.138279
-2.07345 0.136813
-2.01062 0.144875
-1.94779 0.149273
-1.88496 0.148784
-1.82212 0.152571
-1.75929 0.151471
-1.69646 0.153792
-1.63363 0.160633
-1.5708 0.167229
-1.50796 0.161488
-1.44513 0.173948
-1.3823 0.178223
-1.31947 0.172604
-1.25664 0.177979
-1.19381 0.170039
-1.13097 0.186896
-1.06814 0.185186
-1.00531 0.18543
-0.942478 0.182865
-0.879646 0.190072
-0.816814 0.190927
-0.753982 0.192149
-0.69115 0.193493
-0.628319 0.199478
-0.565487 0.20131
-0.502655 0.190317
-0.439823 0.200211
-0.376991 0.192393
-0.314159 0.206563
-0.251327 0.210106
-0.188496 0.207785
-0.125664 0.206685
-0.0628319 0.209739
4.44089e-16 0.204242
0.0628319 0.209739
0.125664 0.199722
0.188496 0.193615
0.251327 0.201677
0.314159 0.201433
0.376991 0.19789
0.439823 0.195325
0.502655 0.198501
0.565487 0.196791
0.628319 0.199234
0.69115 0.190194
0.753982 0.195569
0.816814 0.183964
0.879646 0.188606
0.942478 0.183354
1.00531 0.179445
1.06814 0.18201
1.13097 0.178834
1.19381 0.167962
1.25664 0.179445
1.31947 0.170039
1.3823 0.161855
1.44513 0.150739
1.50796 0.155869
1.5708 0.160267
1.63363 0.149028
1.69646 0.150861
1.75929 0.147318
1.82212 0.147807
1.88496 0.140966
1.94779 0.139989
2.01062 0.145852
2.07345 0.130827
2.13628 0.135347
2.19911 0.128262
2.26195 0.121421
2.32478 0.12814
2.38761 0.125086
2.45044 0.119711
2.51327 0.112748
2.57611 0.120689
2.63894 0.11739
2.70177 0.114581
2.7646 0.114459
2.82743 0.118245
2.89027 0.121177
2.9531 0.115314
3.01593 0.113237
3.07876 0.115192
