-3.14159 0.0985758
-3.07876 0.0961381
-3.01593 0.0975093
-2.9531 0.0984234
-2.89027 0.104213
-2.82743 0.0946145
-2.7646 0.0990329
-2.70177 0.102994
-2.63894 0.101471
-2.57611 0.104365
-2.51327 0.110155
-2.45044 0.114421
-2.38761 0.117773
-2.32478 0.115945
-2.26195 0.119906
-2.19911 0.120515
-2.13628 0.123258
-2.07345 0.131638
-2.01062 0.127067
-1.94779 0.128133
-1.88496 0.130266
-1.82212 0.139408
-1.75929 0.151596
-1.69646 0.155862
-1.63363 0.149616
-1.5708 0.153729
-1.50796 0.156624
-1.44513 0.155405
-1.3823 0.16668
-1.31947 0.175212
-1.25664 0.181459
-1.19381 0.179478
-1.13097 0.185572
-1.06814 0.185725
-1.00531 0.191667
-0.942478 0.190143
-0.879646 0.19898
-0.816814 0.204008
-0.753982 0.202484
-0.69115 0.212083
-0.628319 0.216501
-0.565487 0.216806
-0.502655 0.214825
-0.439823 0.206445
-0.376991 0.214368
-0.314159 0.216044
-0.251327 0.22549
-0.188496 0.21193
-0.125664 0.212844
-0.0628319 0.221986
4.44089e-16 0.221529
0.0628319 0.216958
0.125664 0.207664
0.188496 0.214825
0.251327 0.219091
0.314159 0.216349
0.376991 0.229604
0.439823 0.208578
0.502655 0.209645
0.565487 0.206902
0.628319 0.209188
0.69115 0.213302
0.753982 0.208883
0.816814 0.211473
0.879646 0.202941
0.942478 0.199285
1.00531 0.206902
1.06814 0.196542
1.13097 0.18801
1.19381 0.178564
1.25664 0.172774
1.31947 0.17445
1.3823 0.176583
1.44513 0.157995
1.50796 0.166375
1.5708 0.159519
1.63363 0.155862
1.69646 0.148397
1.75929 0.149006
1.82212 0.150682
1.88496 0.149463
1.94779 0.138646
2.01062 0.140474
2.07345 0.132704
2.13628 0.123105
2.19911 0.12082
2.26195 0.113355
2.32478 0.117316
2.38761 0.119297
2.45044 0.110307
2.51327 0.118382
2.57611 0.118078
2.63894 0.104365
2.70177 0.0984234
2.7646 0.0976616
2.82743 0.0961381
2.89027 0.102385
2.9531 0.103299
3.01593 0.102842
3.07876 0.101166
